Data File :human
Query file:human_40n
LIMIT: 100000
0 60015.2 60021.5 25976079 0 1
1 60018.4 60021 42295165 0 1
2 1.1613 2.5496 61 100008 0
3 5.2053 14.81 1676 100008 0
4 11.6731 16.5187 4324 100000 0
5 1.853 25.5108 316 100080 0
6 0.3078 15.6651 37 2.46024e+06 0
7 9.3245 10.9581 662 100008 0
8 22.7378 27.0379 633 100002 0
9 6.9261 19.3434 128 100005 0
10 8.991 11.6973 2041 100002 0
11 0.3382 39.6508 33 5.83507e+11 0
12 15.0682 26.1587 1443 100000 0
13 1.8906 13.1005 63 100098 0
14 3.3972 4.8352 143 100006 0
15 3.6341 5.432 403 100008 0
16 353.517 355.209 319542 100000 0
17 45.1511 52.1113 68620 100000 0
18 17.3898 22.5846 3712 100000 0
19 18.2816 26.5227 1852 100000 0
20 13.8753 15.9327 1179 100000 0
21 0.0695 2.257 36 156978 0
22 0.7423 2.8711 41 100198 0
23 151.114 155.14 3600 100000 0
24 4.883 8.5019 1911 100012 0
25 12.3777 20.5564 733 100000 0
26 14.2139 28.1809 2059 100000 0
27 19.0491 39.1577 1999 100000 0
28 60012.3 60023.1 1447764 0 1
29 25.6516 33.5625 21425 100000 0
30 60016.9 60023.5 562912 0 1
31 50.1355 72.7989 10250 100000 0
32 22.2116 24.613 1145 100002 0
33 0.7272 3.1785 48 100100 0
34 59.7936 77.7153 1812 100000 0
35 60018.8 60021.4 51499062 0 1
36 60005.3 60022.1 25719014 0 1
37 15.9137 22.6534 1125 100000 0
38 14.4841 15.7227 1960 100000 0
39 15.0312 33.3108 764 100000 0
40 32.6768 39.3465 12375 100000 0
41 17.4389 19.7003 3227 100000 0
42 15.0287 16.6311 1793 100000 0
43 2.1556 12.677 51 100062 0
44 14.6022 17.7618 3425 100000 0
45 4.1782 12.2164 66 100004 0
46 69.7109 74.5071 55961 100000 0
47 15125.2 15127.1 1666717 100008 0
48 1.9522 3.9446 58 100020 0
49 0.0624 5.1607 37 494832 0
50 19.646 24.6646 2429 100000 0
51 3.9525 5.4971 73 100002 0
52 8.2654 13.7931 1368 100053 0
53 17.9893 20.6817 5984 100000 0
54 19.5325 35.7073 2497 100000 0
55 60000.1 60023.5 45315775 0 1
56 27.491 33.3243 539 100000 0
57 0.1602 1.9733 40 101898 0
58 12.7411 25.6267 1119 100000 0
59 14.8811 19.5036 1247 100000 0
60 30.7432 33.0441 35983 100020 0
61 3.2704 5.0068 87 100020 0
62 20.4642 22.9177 2247 100000 0
63 17.0377 20.1867 3517 100000 0
64 0.0841 3.8265 37 114816 0
65 33.832 34.5974 2821 100002 0
66 15.9393 23.3013 2214 100000 0
67 6.5585 50.7675 1268 100010 0
68 60017.6 60021.2 18165848 0 1
69 53.9869 55.1833 53493 100000 0
70 40.4589 40.6876 3548 100000 0
71 20.707 25.7793 9064 100000 0
72 0.5822 0.7893 655 864 0
73 60016.6 60020.6 1154791 0 1
74 12.7373 18.0744 965 100000 0
75 9.306 9.8362 178 100000 0
76 12.7845 31.6058 319 100000 0
77 208.988 212.99 123145 100000 0
78 47.8778 49.4502 90744 100000 0
79 30.7406 41.6816 16328 100000 0
80 34.3456 36.7868 51288 100000 0
81 5.4708 7.6995 604 100000 0
82 2.0557 8.4004 262 100007 0
83 60009.2 60022.4 5223133 0 1
84 17.668 24.0729 1640 100000 0
85 0.3155 8.9976 35 103824 0
86 2.0285 13.745 55 100067 0
87 16.9059 26.0503 1454 100000 0
88 4.4917 4.8142 1020 100032 0
89 20.1271 30.7853 13889 100000 0
90 33.6396 46.8415 23977 100035 0
91 60019.1 60021.9 96655522 0 1
92 12.7985 24.4465 324 100000 0
93 60019.7 60022.2 41520520 0 1
94 3.4718 4.385 59 100002 0
95 23.8035 49.4906 11329 100000 0
96 26.0979 30.1425 3889 100000 0
97 0.9007 12.211 38 2.02772e+06 0
98 49.0979 50.2724 9179 100000 0
99 1.8837 3.8415 110 100100 0
Average Search Time Per Query => 195.1811 ms!
Average Total Time Per Query => 202.4811 ms!
Average Recursive Call Count => 30460.7614
Total Number of Found Matches=> 583,519,866,151
#End Queries=> 88
