Data File :human
Query file:human_40n
LIMIT: 100000
0 18.98 24.0722 7338 100000 0
1 60019.2 60023.9 42042488 0 1
2 1.1067 2.4608 83 100008 0
3 5.5685 15.1794 1676 100008 0
4 5.1523 10.1283 4084 100023 0
5 1.7894 25.7474 316 100080 0
6 0.4109 15.3237 37 1.60989e+08 0
7 1.0856 2.4707 79 100080 0
8 21.2468 25.6425 6532 100002 0
9 2.4953 15.2759 66 100006 0
10 5.7229 8.5423 709 100002 0
11 0.4563 42.1624 33 5.83507e+11 0
12 15.6823 27.3535 1443 100000 0
13 1.9012 13.284 63 100098 0
14 3.8592 5.2329 143 100006 0
15 0.748 2.4713 176 100188 0
16 88.2724 89.9539 77057 100000 0
17 18.1654 24.8108 1676 100000 0
18 14.156 19.5799 2382 100000 0
19 14.8164 23.1625 1852 100000 0
20 12.9676 15.1228 1179 100000 0
21 0.0717 2.4763 36 156978 0
22 0.6953 2.8081 41 100198 0
23 131.033 135.07 3600 100000 0
24 4.4205 8.0327 1911 100012 0
25 12.9111 21.4087 733 100000 0
26 14.2981 28.068 2059 100000 0
27 18.7607 41.2674 2306 100000 0
28 60019.5 60030.7 1531682 0 1
29 26.7383 36.837 21425 100000 0
30 60018.6 60025.1 1420297 0 1
31 46.0586 67.1492 10250 100000 0
32 19.1353 21.6331 1145 100002 0
33 0.6867 3.0966 48 100100 0
34 2.5944 20.275 365 100006 0
35 60028.6 60031.2 50556916 0 1
36 15.3414 32.4637 1212 100000 0
37 14.6041 21.508 1125 100000 0
38 13.564 14.8831 1960 100000 0
39 13.1457 31.2691 789 100000 0
40 25.4711 32.1505 14505 100000 0
41 18.0896 20.376 2457 100000 0
42 13.8259 15.6235 1793 100000 0
43 2.0264 12.2086 76 100062 0
44 13.8782 17.2108 3259 100000 0
45 23.2367 31.4006 10480 100068 0
46 24.3894 29.0626 900 100000 0
47 15220.1 15222 1666719 100008 0
48 1.8121 3.8176 58 100020 0
49 0.0572 4.8874 37 494832 0
50 20.3738 25.3727 2429 100000 0
51 12.6948 14.1636 783 100000 0
52 7.9726 13.4616 1368 100053 0
53 16.5042 19.6644 5984 100000 0
54 60015 60030.3 20393117 0 1
55 60002.7 60025.6 46388830 0 1
56 7.3711 13.4463 83 100000 0
57 0.1508 1.988 38 101898 0
58 12.8013 25.6102 1119 100000 0
59 21.2078 25.9119 14155 100000 0
60 26.5023 29.1534 35990 100020 0
61 5.3416 7.3193 928 100011 0
62 15.8391 18.299 2247 100000 0
63 16.0778 19.2126 3517 100000 0
64 60026.9 60030.4 50465397 0 1
65 27.344 28.1891 2821 100002 0
66 14.2073 21.4825 2212 100000 0
67 1198.75 1242.83 268041 100010 0
68 60021 60024.6 17987834 0 1
69 59.699 60.9236 53507 100000 0
70 36.5324 36.8005 3548 100000 0
71 60020.8 60025.6 51840169 0 1
72 0.705 1.4829 696 864 0
73 60019.9 60023 1355977 0 1
74 13.0558 18.314 965 100000 0
75 8.7414 9.4979 178 100000 0
76 13.1138 31.6876 319 100000 0
77 29.0535 32.9965 21580 100002 0
78 33.2863 34.858 40627 100000 0
79 27.7552 38.6431 16328 100000 0
80 15.7242 18.2572 3124 100000 0
81 32.4807 35.0367 1426 100002 0
82 3.5189 14.6215 262 100007 0
83 25.5128 49.8121 1446 100000 0
84 17.4563 27.6692 1640 100000 0
85 0.2776 8.714 35 103824 0
86 1.9688 13.3654 55 100067 0
87 964.993 973.591 88135 100000 0
88 5.0575 5.4086 991 100032 0
89 21.7982 32.9482 13889 100000 0
90 47.061 60.4108 31748 100000 0
91 60018.9 60022.3 96564845 0 1
92 13.0411 24.5171 324 100000 0
93 7.9107 10.3664 7054 100754 0
94 1.1096 1.9277 44 100044 0
95 22.0291 47.0796 11329 100000 0
96 25.0782 29.0422 3889 100000 0
97 60013.4 60024.5 9223526 0 1
98 42.5646 43.8159 11249 100000 0
99 1.0582 3.032 83 100240 0
Average Search Time Per Query => 213.4687 ms!
Average Total Time Per Query => 221.0897 ms!
Average Recursive Call Count => 28549.9886
Total Number of Found Matches=> 583,676,453,257
#End Queries=> 88
