Data File :human
Query file:human_40n
LIMIT: 100000
0 60014 60020.5 27534607 0 1
1 17.4071 21.6122 4140 100000 0
2 1.0857 2.37 83 100008 0
3 12.0728 21.4612 3296 100008 0
4 10.6869 15.3736 4324 100000 0
5 1.7785 25.3897 316 100080 0
6 0.2803 15.5942 37 2.46024e+06 0
7 1.1441 2.5653 93 100080 0
8 18.0548 22.4167 514 100002 0
9 1.5489 13.9715 41 100036 0
10 5.7145 8.3887 709 100002 0
11 0.3428 38.4196 33 5.83507e+11 0
12 9.681 20.4734 205 100002 0
13 60013.8 60024.9 112734964 0 1
14 9250.63 9252.06 7009914 100006 0
15 249.304 251.002 13439 100188 0
16 4088.15 4090.16 3124805 100000 0
17 60019 60026 10383458 0 1
18 16.142 21.3629 2382 100000 0
19 15.2701 23.6416 1852 100000 0
20 12.8755 14.8958 1179 100000 0
21 0.0653 2.2522 36 156978 0
22 0.6943 2.8475 45 100198 0
23 116.835 120.864 12979 100000 0
24 60018.5 60022.1 101270166 0 1
25 14.2716 22.7097 733 100000 0
26 14.7405 28.5262 1559 100000 0
27 17.2415 38.5744 1774 100000 0
28 60008.3 60019 8259759 0 1
29 15.1009 22.9286 1615 100000 0
30 60014.1 60020.9 20610560 0 1
31 45.6098 67.2489 10250 100000 0
32 60018.1 60020.6 35055101 0 1
33 0.7198 3.2264 48 100100 0
34 2.4664 20.3418 62 100006 0
35 60019.7 60022.2 52723452 0 1
36 60004.6 60021.1 14837662 0 1
37 14.4818 21.276 1125 100000 0
38 13.2412 14.6785 1960 100000 0
39 13.0948 30.9984 789 100000 0
40 23.9119 30.204 14505 100000 0
41 16.0878 18.234 2457 100000 0
42 13.7855 15.3929 1793 100000 0
43 1.9238 12.1535 51 100062 0
44 15.9587 18.6127 3327 100000 0
45 288.515 296.495 13998 100002 0
46 58.3036 63.063 55962 100000 0
47 14943.3 14945.2 1666720 100008 0
48 1.8579 3.8441 58 100020 0
49 0.0585 4.8117 37 1.10386e+06 0
50 54.3134 59.4026 50904 100000 0
51 3.6691 5.1148 72 100002 0
52 7.8932 13.4769 1368 100053 0
53 19.473 22.1451 5984 100000 0
54 17.9215 33.0234 5639 100000 0
55 59999.6 60022.2 15758574 0 1
56 7.4761 13.1312 161 100000 0
57 5.0369 6.9721 5743 101898 0
58 60010.6 60023.2 38268387 0 1
59 21.4121 26.0777 14155 100000 0
60 29.5503 32.1455 34947 100044 0
61 5.5985 7.3118 905 100004 0
62 14.6554 17.0876 2247 100000 0
63 7.2862 8.8177 3517 100000 0
64 0.0457 2.2567 39 114816 0
65 1.6678 2.0744 3507 100020 0
66 14.1717 19.8135 2214 100000 0
67 6.0629 49.7409 1268 100010 0
68 60018.7 60022.2 18674992 0 1
69 57.2711 58.3727 53493 100000 0
70 5.6941 5.9337 465 100000 0
71 20.3663 25.3763 8453 100000 0
72 0.5594 0.753 655 864 0
73 60019.3 60022.7 1195944 0 1
74 19.831 25.1173 7148 100000 0
75 8.6634 9.1789 178 100000 0
76 60007.2 60025.9 29039616 0 1
77 35.9991 39.9639 28757 100002 0
78 34.3826 35.9542 40627 100000 0
79 49.986 60.5484 18827 100000 0
80 34.7941 37.344 5796 100000 0
81 30.9533 32.966 1952 100000 0
82 1.9424 8.2005 104 100007 0
83 14.7651 27.9542 1411 100000 0
84 17.6803 23.8807 1640 100000 0
85 0.2887 9.0282 35 103824 0
86 2.0562 13.5464 55 100067 0
87 15.4846 23.9171 1454 100000 0
88 4.1596 4.5885 818 100032 0
89 20.8505 31.7221 25243 100000 0
90 43.3508 56.1391 29385 100004 0
91 60020.5 60023.1 118852498 0 1
92 13.0138 24.3882 324 100000 0
93 398.818 401.933 312114 100736 0
94 1.3434 2.2235 59 100044 0
95 148.852 174.124 101574 100000 0
96 156.636 161.336 49455 100000 0
97 60036.5 60048 12288429 0 1
98 44.8514 46.0717 8320 100000 0
99 1.0746 3.0363 83 100240 0
Average Search Time Per Query => 366.0037 ms!
Average Total Time Per Query => 372.9502 ms!
Average Recursive Call Count => 152265.9524
Total Number of Found Matches=> 583,518,148,549
#End Queries=> 84
