Data File :human
Query file:human_40n
LIMIT: 100000
0 60017.1 60023.5 27394726 0 1
1 60019.5 60024.2 42567443 0 1
2 1.0713 2.3977 83 100008 0
3 4.9377 14.4401 1676 100008 0
4 5.6071 10.0984 4084 100023 0
5 1.7721 25.4197 316 100080 0
6 0.2495 16.004 37 1.60989e+08 0
7 1.1458 2.5964 79 100080 0
8 20.0631 24.5004 6532 100002 0
9 2.7185 14.9709 66 100006 0
10 5.6348 8.3397 709 100002 0
11 0.3159 40.181 33 5.83507e+11 0
12 17.8274 30.209 1443 100000 0
13 2.1758 14.9007 63 100098 0
14 3.7371 5.3683 143 100006 0
15 0.9127 2.8479 176 100188 0
16 96.7954 99.0101 77057 100000 0
17 42.6547 50.0649 68620 100000 0
18 17.9843 23.7816 2382 100000 0
19 15.8571 24.8607 1852 100000 0
20 13.754 16.1085 1179 100000 0
21 0.0755 2.5407 36 156978 0
22 0.7455 3.0315 41 100198 0
23 129.158 133.504 3600 100000 0
24 4.3585 7.9683 1911 100012 0
25 12.866 21.2888 733 100000 0
26 14.4441 27.9574 2059 100000 0
27 19.9981 41.786 2306 100000 0
28 60013.5 60024.3 1516067 0 1
29 24.7129 32.6032 21425 100000 0
30 60016.5 60023.1 1398589 0 1
31 48.1339 69.4807 10250 100000 0
32 60020.4 60022.8 34587658 0 1
33 0.6981 3.1541 48 100100 0
34 2.516 20.3822 365 100006 0
35 60033.5 60036.1 52403764 0 1
36 60005 60021.7 25771893 0 1
37 14.3712 21.3825 1125 100000 0
38 13.1138 14.4856 1964 100000 0
39 13.0782 31.1631 789 100000 0
40 23.2793 29.7711 14505 100000 0
41 14.166 16.3937 2457 100000 0
42 13.6365 15.2796 1793 100000 0
43 2.0293 12.2635 76 100062 0
44 14.0597 17.2945 3259 100000 0
45 23.049 31.1732 10480 100068 0
46 26.4154 31.0655 900 100000 0
47 14857.4 14859.3 1666719 100008 0
48 1.806 3.7563 58 100020 0
49 0.0559 4.8439 37 494832 0
50 18.3157 23.4473 2429 100000 0
51 14.6946 16.1053 783 100000 0
52 8.2127 13.7164 1368 100053 0
53 15.8932 18.4848 5984 100000 0
54 15.7736 31.0004 2497 100000 0
55 59997.6 60020.6 46425333 0 1
56 7.6397 13.3702 161 100000 0
57 0.1459 2.0012 38 101898 0
58 12.5949 25.1912 1119 100000 0
59 21.1289 25.8907 14155 100000 0
60 28.4618 30.7146 35990 100020 0
61 5.1743 7.0474 928 100011 0
62 16.0812 18.6339 2247 100000 0
63 15.7888 19.071 3517 100000 0
64 60019.9 60023.4 49900462 0 1
65 4.6536 5.4762 5424 100044 0
66 20.9831 30.9103 2212 100000 0
67 8.0047 70.6611 1268 100010 0
68 60020.3 60024.9 18606952 0 1
69 53.8811 55.0512 53507 100000 0
70 5.6368 5.8594 443 100000 0
71 60015.9 60020.8 53906142 0 1
72 0.6964 1.3779 696 864 0
73 60019.1 60022.7 1404274 0 1
74 13.929 19.0515 965 100000 0
75 8.6275 9.1392 178 100000 0
76 60003.2 60021.4 28823579 0 1
77 29.5202 33.6192 21580 100002 0
78 34.2574 35.8036 40627 100000 0
79 26.4636 37.2943 16328 100000 0
80 14.5839 17.2551 3124 100000 0
81 21.7245 23.7491 1426 100002 0
82 2.1766 8.5353 262 100007 0
83 15.1265 28.6412 1446 100000 0
84 18.7921 25.4186 1640 100000 0
85 0.2843 8.8031 35 103824 0
86 1.9644 13.5858 55 100067 0
87 923.235 931.606 88135 100000 0
88 3.4637 3.8526 1098 100032 0
89 15.8509 27.0782 13889 100000 0
90 44.9924 58.2545 31748 100000 0
91 60018.9 60021.6 103690319 0 1
92 12.6469 24.2565 324 100000 0
93 7.7005 10.137 7054 100754 0
94 3.1947 3.9954 59 100002 0
95 21.7695 46.9674 11329 100000 0
96 25.1953 29.1792 3889 100000 0
97 0.8824 11.9721 38 2.02772e+06 0
98 43.8466 45.0329 11249 100000 0
99 1.0514 2.9406 83 100240 0
Average Search Time Per Query => 198.7721 ms!
Average Total Time Per Query => 206.3736 ms!
Average Recursive Call Count => 26799.9186
Total Number of Found Matches=> 583,678,180,973
#End Queries=> 86
