Data File :human
Query file:human_40n
LIMIT: 100000
0 60019.3 60022.7 66327730 0 1
1 6.5446 9.3424 4140 100000 0
2 0.9457 1.5701 83 100008 0
3 5.3585 9.7159 3296 100008 0
4 4.3734 6.6592 4324 100000 0
5 0.6853 11.2966 316 100080 0
6 0.0994 6.1951 37 2.46024e+06 0
7 0.4168 1.036 93 100080 0
8 8.8273 11.5464 514 100002 0
9 3.4022 8.534 128 100005 0
10 2.1414 3.5364 709 100002 0
11 0.2752 18.0058 33 5.83507e+11 0
12 4.3174 8.3772 205 100002 0
13 0.7243 5.1611 62 100096 0
14 1.2454 1.8153 143 100006 0
15 0.9368 1.6322 176 100188 0
16 146.03 147.078 319542 100000 0
17 60018.8 60021.8 24987515 0 1
18 5.6666 7.6522 2382 100000 0
19 5.4811 9.304 1852 100000 0
20 5.5749 6.6275 1179 100000 0
21 0.0256 0.9418 36 156978 0
22 0.7265 2.2999 41 100198 0
23 46.9104 48.598 6659 100000 0
24 60020.2 60022.1 241247583 0 1
25 7.0236 10.6265 733 100000 0
26 6.6069 12.906 1559 100000 0
27 8.5708 17.9075 1774 100000 0
28 60014.9 60020.1 18919190 0 1
29 5.4786 9.6784 1480 100000 0
30 60018.1 60021.2 3199588 0 1
31 20.6483 29.2571 10250 100000 0
32 60019.8 60021 81316220 0 1
33 0.2601 1.1974 48 100100 0
34 11.8991 19.7403 771 100000 0
35 60016 60018.1 126137168 0 1
36 60014.3 60021.1 37650521 0 1
37 5.725 8.41 1125 100000 0
38 5.2355 5.864 1964 100000 0
39 5.3417 13.3004 789 100000 0
40 9.8279 12.3447 14505 100000 0
41 5.7532 6.7095 2457 100000 0
42 5.5644 6.2689 1793 100000 0
43 0.7559 5.147 51 100062 0
44 6.4255 7.6256 3327 100000 0
45 112.787 116.117 13998 100002 0
46 10.2531 12.1437 900 100000 0
47 6022.22 6023.06 1666720 100008 0
48 0.715 1.5749 58 100020 0
49 0.0239 2.0623 37 494832 0
50 6.9202 8.9898 2429 100000 0
51 1.5229 2.1755 72 100002 0
52 3.1661 5.4335 1368 100053 0
53 6.4642 7.6001 5984 100000 0
54 60015.2 60021.8 56358182 0 1
55 60009.3 60018.1 37863969 0 1
56 2.8813 5.1456 161 100000 0
57 2.0194 2.8711 5743 101898 0
58 60014.1 60019.2 86373579 0 1
59 10.6026 12.6139 14155 100000 0
60 12.5775 13.8011 35177 100048 0
61 1.8726 2.5883 99 100011 0
62 6.8555 8.0248 2247 100000 0
63 6.8 8.2592 3517 100000 0
64 60019.7 60021.5 115432680 0 1
65 1.1614 1.4953 3507 100020 0
66 6.1188 8.8166 2214 100000 0
67 2.2895 20.3494 1268 100010 0
68 60021.9 60023.4 44599939 0 1
69 5.3335 5.9841 2113 100000 0
70 2.1153 2.2393 443 100000 0
71 7.9314 9.8596 9062 100000 0
72 0.2758 0.6047 696 864 0
73 60018.7 60020.3 2319815 0 1
74 8.7572 10.982 981 100000 0
75 4.1113 4.5652 178 100000 0
76 60013.2 60020.9 71058956 0 1
77 16.5854 18.9708 21580 100002 0
78 16.4242 17.5117 40627 100000 0
79 14.87 20.9825 16328 100000 0
80 18.416 20.2086 5796 100000 0
81 18.7631 20.1815 2038 100000 0
82 0.7903 4.2945 104 100007 0
83 60012.2 60020.1 8676203 0 1
84 15.0422 19.7038 1640 100000 0
85 0.1568 5.3386 35 103824 0
86 0.8442 7.7992 115 100100 0
87 9.8029 14.9844 1454 100000 0
88 3.4778 3.7745 818 100032 0
89 14.9061 23.0027 25248 100000 0
90 23.8205 31.2787 29385 100004 0
91 60020.5 60022.2 255786698 0 1
92 5.3893 10.3699 324 100000 0
93 60021.8 60023.2 31014506 0 1
94 1.3344 1.6988 59 100002 0
95 55.3482 65.6331 101574 100000 0
96 8.8573 10.5944 3889 100000 0
97 60014 60018.8 28251650 0 1
98 20.6153 21.1963 8320 100000 0
99 0.4929 1.6578 83 100240 0
Average Search Time Per Query => 84.5375 ms!
Average Total Time Per Query => 87.7833 ms!
Average Recursive Call Count => 29890.3704
Total Number of Found Matches=> 583,517,224,034
#End Queries=> 81
