Data File :human
Query file:human_40n
LIMIT: 100000
0 5.1573 7.6052 1561 100000 0
1 60023.1 60024.8 106903167 0 1
2 0.7234 1.3097 102 100020 0
3 1.9438 5.8351 1676 100008 0
4 1.3811 3.4345 59 100023 0
5 0.6593 9.5227 316 100080 0
6 0.0815 5.7044 37 2.46024e+06 0
7 2.9999 3.5961 662 100008 0
8 6.7192 8.5065 665 100002 0
9 0.7313 5.3224 51 100050 0
10 2.7835 3.9491 2041 100002 0
11 0.1327 14.8246 33 5.83507e+11 0
12 5.3647 9.3928 1443 100000 0
13 0.6739 4.8751 63 100098 0
14 50.8802 51.4854 68122 100006 0
15 1.4433 2.2522 403 100008 0
16 134.321 135.091 319542 100000 0
17 36.9444 39.8991 25246 100000 0
18 6.4337 8.6163 3712 100000 0
19 6.5301 9.6387 1852 100000 0
20 4.5214 5.3677 1179 100000 0
21 0.024 0.9087 36 156978 0
22 0.2651 1.2363 41 100198 0
23 47.6777 49.2442 3600 100000 0
24 60020.4 60022 207950487 0 1
25 4.8603 8.1677 733 100000 0
26 6.8407 12.4136 2059 100000 0
27 6.7927 15.2142 1999 100000 0
28 9.7378 13.987 4317 100000 0
29 9.5165 12.7469 21425 100000 0
30 60018.5 60021.1 1841180 0 1
31 17.6696 26.1087 10250 100000 0
32 8.2569 9.3101 1145 100002 0
33 0.3716 1.5756 48 100100 0
34 26.6521 35.4177 1812 100000 0
35 60018.7 60020 133046631 0 1
36 6.8479 13.0869 4406 100000 0
37 5.2636 8.0622 1125 100000 0
38 4.9196 5.4518 1960 100000 0
39 4.8807 12.0508 764 100000 0
40 10.6225 13.361 12371 100000 0
41 6.1719 7.1523 3227 100000 0
42 6.8596 7.5236 1793 100000 0
43 0.7773 4.8595 51 100062 0
44 7.1252 8.5989 3425 100000 0
45 0.7433 3.9007 43 100121 0
46 25.81 27.7386 55961 100000 0
47 6146.99 6147.84 1666717 100008 0
48 0.719 1.5642 58 100020 0
49 0.0226 1.9065 37 494832 0
50 6.3218 8.3871 2429 100000 0
51 1.4876 2.1085 73 100002 0
52 3.0583 5.2522 1368 100053 0
53 6.5822 7.729 5984 100000 0
54 6.3923 12.2422 2497 100000 0
55 6.1745 15.2335 1898 100000 0
56 8.6502 11.5407 539 100000 0
57 0.0554 0.8169 38 101898 0
58 4.9309 9.8487 1119 100000 0
59 5.2345 7.1285 1247 100000 0
60 10.959 12.2527 35990 100020 0
61 4.4813 5.1912 2276 100004 0
62 6.4982 7.6419 2247 100000 0
63 6.8078 8.144 3517 100000 0
64 0.0295 1.6428 37 114816 0
65 12.1636 12.5337 2821 100002 0
66 5.7935 8.7934 2214 100000 0
67 2.4779 20.452 1268 100010 0
68 165.051 166.62 70844 100000 0
69 24.1051 24.6815 53493 100000 0
70 15.8261 15.9633 3548 100000 0
71 8.7471 11.1888 9064 100000 0
72 0.2499 0.3801 655 864 0
73 60018.1 60019.7 249840778 0 1
74 14.1705 16.3783 7147 100000 0
75 5.2757 5.6391 178 100000 0
76 6.1411 13.6767 319 100000 0
77 91.5182 93.8124 123145 100000 0
78 19.4581 20.1896 90744 100000 0
79 10.3747 16.5132 16328 100000 0
80 14.6229 16.5118 5796 100000 0
81 8.828 10.4901 1426 100002 0
82 10.4746 13.1012 12820 100000 0
83 5.917 11.2358 1446 100000 0
84 5.9631 8.9731 1640 100000 0
85 0.1775 6.144 35 100800 0
86 1.0463 7.3333 55 100067 0
87 6.4918 10.1713 1454 100000 0
88 1.6098 1.7739 1020 100032 0
89 8.8542 12.9171 13889 100000 0
90 14.6634 19.6956 23977 100035 0
91 0.1465 1.3323 63 100320 0
92 5.2466 12.4026 324 100000 0
93 60024.7 60025.7 84514355 0 1
94 1.0279 1.4732 880 100044 0
95 8.5134 20.5812 11329 100000 0
96 12.4648 14.5787 3889 100000 0
97 60012 60017.9 26983471 0 1
98 25.4012 26.1397 9179 100000 0
99 1.1079 2.1741 110 100100 0
Average Search Time Per Query => 77.7250 ms!
Average Total Time Per Query => 80.9104 ms!
Average Recursive Call Count => 29683.0860
Total Number of Found Matches=> 583,518,435,935
#End Queries=> 93
