Data File :human
Query file:human_40n
LIMIT: 100000
0 60016.4 60022.6 27400290 0 1
1 15.6235 19.8488 4140 100000 0
2 1.0673 2.3391 83 100008 0
3 11.9919 21.5513 3296 100008 0
4 10.5943 15.334 4324 100000 0
5 1.7673 25.0456 316 100080 0
6 0.2733 15.403 37 2.46024e+06 0
7 1.1523 2.565 93 100080 0
8 16.9602 21.3234 514 100002 0
9 7.2504 19.3889 128 100005 0
10 5.6071 8.2752 709 100002 0
11 0.349 39.4933 33 5.83507e+11 0
12 9.2684 20.1888 205 100002 0
13 1.8288 12.5268 62 100096 0
14 3.6679 5.0265 143 100006 0
15 0.7428 2.4028 176 100188 0
16 336.933 338.611 319542 100000 0
17 60017.3 60024.4 9698626 0 1
18 13.9622 19.0249 2382 100000 0
19 18.4736 28.3189 1852 100000 0
20 18.6695 20.8953 1179 100000 0
21 0.0839 2.8867 36 156978 0
22 0.8968 3.5921 41 100198 0
23 155.963 161.159 6659 100000 0
24 60019.6 60023.2 110904205 0 1
25 12.5769 21.0185 733 100000 0
26 14.8902 28.6671 1559 100000 0
27 17.3754 39.3042 1774 100000 0
28 60009.6 60020.2 8226021 0 1
29 14.0444 21.7895 1480 100000 0
30 60016.3 60022.8 1409572 0 1
31 43.0755 64.4956 10250 100000 0
32 60021.4 60023.9 35595754 0 1
33 0.6867 3.2141 48 100100 0
34 25.2952 43.1134 771 100000 0
35 60020.8 60023.4 51019460 0 1
36 60006.3 60022.7 14850764 0 1
37 14.4689 21.2463 1125 100000 0
38 12.9843 14.2744 1964 100000 0
39 13.3928 31.5384 789 100000 0
40 23.5533 29.9605 14505 100000 0
41 14.0801 16.3244 2457 100000 0
42 11.1211 12.7239 1793 100000 0
43 1.4342 9.2314 51 100062 0
44 15.7502 18.9769 3327 100000 0
45 285.118 293.399 13998 100002 0
46 25.1454 29.7758 900 100000 0
47 15020.9 15022.8 1666720 100008 0
48 1.9523 4.0948 58 100020 0
49 0.063 5.0594 37 494832 0
50 17.8172 23.3837 2429 100000 0
51 3.829 5.4294 72 100002 0
52 8.7839 14.7441 1368 100053 0
53 17.3315 20.1215 5984 100000 0
54 60005.2 60020.3 22075810 0 1
55 59998.9 60022 16016306 0 1
56 7.3113 13.007 161 100000 0
57 4.9702 6.8291 5743 101898 0
58 60006.6 60019.1 38306496 0 1
59 21.3835 26.1287 14155 100000 0
60 29.0834 31.7687 35177 100048 0
61 4.3829 5.9511 99 100011 0
62 17.1732 19.655 2247 100000 0
63 15.4954 18.611 3517 100000 0
64 60018.1 60021.6 51000480 0 1
65 3.2015 4.0445 3507 100020 0
66 15.7107 22.6762 2214 100000 0
67 5.8467 49.9503 1268 100010 0
68 60019.7 60023.2 18656400 0 1
69 14.1066 15.2449 2113 100000 0
70 5.723 6.0073 443 100000 0
71 19.2809 24.2809 9062 100000 0
72 0.8642 1.5439 696 864 0
73 60018.1 60021.9 1029194 0 1
74 14.0095 19.1435 981 100000 0
75 10.9941 11.6853 178 100000 0
76 59998.7 60023.8 29393452 0 1
77 27.6609 31.6912 21580 100002 0
78 34.3735 35.984 40627 100000 0
79 29.3381 39.9518 16328 100000 0
80 34.3117 36.923 5796 100000 0
81 35.9236 37.9374 2038 100000 0
82 2.0487 8.4893 104 100007 0
83 60009.2 60022.7 3773575 0 1
84 15.1982 21.4353 1640 100000 0
85 0.2834 8.7106 35 103824 0
86 2.0038 13.8046 115 100100 0
87 17.4345 25.9448 1454 100000 0
88 4.0868 4.4016 818 100032 0
89 24.2665 35.0053 25248 100000 0
90 43.9047 57.2636 29385 100004 0
91 60022.2 60024.9 103708439 0 1
92 15.6145 27.0051 324 100000 0
93 60018 60021.4 12934698 0 1
94 3.1155 3.9926 59 100002 0
95 142.835 167.783 101574 100000 0
96 24.2245 28.2713 3889 100000 0
97 60008.8 60020.5 12107419 0 1
98 38.3602 39.5644 8320 100000 0
99 1.0675 3.1676 83 100240 0
Average Search Time Per Query => 209.0661 ms!
Average Total Time Per Query => 216.0957 ms!
Average Recursive Call Count => 29890.3704
Total Number of Found Matches=> 583,517,224,034
#End Queries=> 81
