Data File :human
Query file:human_40n
LIMIT: 100000
0 60017.7 60022.1 27478836 0 1
1 17.363 21.5843 4140 100000 0
2 1.1488 2.4488 83 100008 0
3 12.4994 21.9057 3296 100008 0
4 11.8338 16.8212 4324 100000 0
5 1.7945 25.0399 316 100080 0
6 0.2739 15.5054 37 2.46024e+06 0
7 1.2105 2.6397 93 100080 0
8 18.9691 23.3319 514 100002 0
9 7.0191 19.2268 128 100005 0
10 6.4234 9.1099 709 100002 0
11 0.3315 39.2461 33 5.83507e+11 0
12 10.2565 21.3031 205 100002 0
13 2.4061 13.103 62 100096 0
14 2.8154 3.968 143 100006 0
15 0.5786 2.2406 176 100188 0
16 356.358 358.022 319542 100000 0
17 60017.8 60024.9 9791254 0 1
18 13.9812 19.101 2382 100000 0
19 14.9705 23.1959 1852 100000 0
20 12.7692 14.8252 1179 100000 0
21 0.067 2.2849 36 156978 0
22 0.7452 2.8593 41 100198 0
23 116.589 121.071 12979 100000 0
24 60028.4 60032.2 108322392 0 1
25 17.8204 28.9392 733 100000 0
26 22.5149 40.1852 1559 100000 0
27 26.5559 57.8157 1774 100000 0
28 60009 60022.1 8090345 0 1
29 14.2203 21.9891 1480 100000 0
30 60012.9 60019.5 20270903 0 1
31 43.1244 64.5157 10250 100000 0
32 60024.3 60026.7 33912251 0 1
33 0.7476 3.307 48 100100 0
34 27.9573 45.8759 771 100000 0
35 60022.1 60024.7 51799926 0 1
36 60004.8 60021.4 14411987 0 1
37 16.273 23.0519 1125 100000 0
38 13.3814 14.6573 1964 100000 0
39 13.0227 30.9999 789 100000 0
40 24.7811 31.1034 14505 100000 0
41 16.4176 18.5728 2457 100000 0
42 13.9437 15.5408 1793 100000 0
43 2.0484 12.8493 51 100062 0
44 15.8696 18.5541 3327 100000 0
45 292.248 300.779 13998 100002 0
46 27.2507 32.1557 900 100000 0
47 15030.1 15032 1666720 100008 0
48 1.9694 3.9906 58 100020 0
49 0.06 4.746 37 494832 0
50 16.6201 21.8297 2429 100000 0
51 4.2082 5.6596 72 100002 0
52 8.5738 14.1922 1368 100053 0
53 16.7924 19.4143 5984 100000 0
54 60028 60042.5 21912479 0 1
55 60003.5 60026.3 15975261 0 1
56 8.486 14.18 161 100000 0
57 4.9649 6.8103 5743 101898 0
58 60005.7 60018.3 38161158 0 1
59 21.2104 26.0327 14155 100000 0
60 30.0876 32.8597 34947 100044 0
61 6.1813 8.0416 905 100004 0
62 15.4966 17.9872 2247 100000 0
63 19.0599 22.1887 3517 100000 0
64 60025.3 60028.9 51170201 0 1
65 3.4156 4.2557 3507 100020 0
66 14.0103 20.9667 2214 100000 0
67 6.3799 48.6168 1268 100010 0
68 60019.3 60022.8 18947532 0 1
69 59.9677 61.1051 53493 100000 0
70 6.1342 6.374 465 100000 0
71 23.9236 28.8563 9062 100000 0
72 0.5849 0.8481 655 864 0
73 60016.9 60020.5 1019395 0 1
74 19.1924 24.3941 7148 100000 0
75 10.0094 10.4939 178 100000 0
76 60003.5 60022.1 28802787 0 1
77 31.4593 35.6737 21580 100002 0
78 34.2234 35.8419 40627 100000 0
79 31.3241 44.3411 16328 100000 0
80 36.4505 39.4578 5796 100000 0
81 33.6518 35.7048 2038 100000 0
82 2.4461 9.1971 104 100007 0
83 15.1547 29.5236 1523 100000 0
84 16.3266 23.0352 1640 100000 0
85 0.3035 9.4981 35 103824 0
86 1.915 14.7459 115 100100 0
87 15.625 24.7114 1454 100000 0
88 4.465 4.7871 818 100032 0
89 21.0187 31.5276 25248 100000 0
90 43.2961 56.1992 29385 100004 0
91 60019.6 60022.4 122784279 0 1
92 15.7797 27.347 324 100000 0
93 60020.4 60023.4 12974149 0 1
94 1.4932 2.5058 59 100044 0
95 138.905 163.982 101574 100000 0
96 157.155 161.755 49455 100000 0
97 60011.8 60023.1 12025942 0 1
98 42.0499 43.2624 8320 100000 0
99 1.1146 2.9965 83 100240 0
Average Search Time Per Query => 209.3921 ms!
Average Total Time Per Query => 216.7280 ms!
Average Recursive Call Count => 30885.7683
Total Number of Found Matches=> 583,517,324,065
#End Queries=> 82
