Data File :human
Query file:human_40n
LIMIT: 100000
0 24.0576 32.3781 7338 100000 0
1 60018.7 60024.6 43010613 0 1
2 1.1068 2.4665 83 100008 0
3 4.5026 14.0925 1676 100008 0
4 5.8243 10.2642 4084 100023 0
5 1.7648 25.345 316 100080 0
6 0.4029 15.267 37 1.60989e+08 0
7 7.1614 8.6072 662 100008 0
8 19.7047 24.2115 6532 100002 0
9 2.4385 14.7922 66 100006 0
10 6.0215 8.7431 709 100002 0
11 1814.33 1853.34 136345 8.21192e+12 0
12 15.5199 26.5493 1443 100000 0
13 1.8449 12.4785 63 100098 0
14 3.2732 4.6776 143 100006 0
15 0.7438 2.3771 176 100188 0
16 85.7918 87.4194 77057 100000 0
17 14.3132 20.9447 1676 100000 0
18 14.4311 20.0585 2382 100000 0
19 15.289 23.4746 1852 100000 0
20 13.3044 15.3995 1179 100000 0
21 0.0648 2.2026 36 156978 0
22 0.694 2.7874 41 100198 0
23 125.87 129.891 3600 100000 0
24 4.4794 8.2521 1911 100012 0
25 12.7115 20.9813 733 100000 0
26 13.9705 27.8186 2059 100000 0
27 18.4384 40.0221 2306 100000 0
28 60008.2 60018.7 1533987 0 1
29 25.104 32.9523 21425 100000 0
30 60017.2 60024.2 14625670 0 1
31 44.7017 65.8683 10250 100000 0
32 19.1798 21.6991 1145 100002 0
33 0.6807 3.0793 48 100100 0
34 2.4948 20.2615 365 100006 0
35 60017.8 60020.4 52663325 0 1
36 15.3443 31.6624 1212 100000 0
37 14.3584 21.0316 1125 100000 0
38 13.0169 14.1779 1960 100000 0
39 13.8797 31.673 764 100000 0
40 21.168 27.7369 9234 100000 0
41 14.3763 16.6703 2457 100000 0
42 13.9309 15.6543 1793 100000 0
43 2.0213 12.0591 76 100062 0
44 14.0614 17.404 3259 100000 0
45 24.39 32.5561 10480 100068 0
46 26.932 31.9835 900 100000 0
47 15122.8 15124.9 1666719 100008 0
48 1.8788 3.9056 58 100020 0
49 0.061 5.2776 37 494832 0
50 16.6881 21.7783 2429 100000 0
51 12.7066 14.1885 783 100000 0
52 7.8609 13.7272 1368 100053 0
53 15.8713 18.4056 5984 100000 0
54 60007.7 60022.8 20603172 0 1
55 59999.2 60022.4 46278706 0 1
56 7.5828 13.7663 86 100000 0
57 0.151 2.0334 39 101898 0
58 12.6221 25.2893 1119 100000 0
59 21.0346 25.6694 14155 100000 0
60 26.4748 28.684 35990 100020 0
61 5.2904 7.1497 928 100011 0
62 15.6719 18.1104 2247 100000 0
63 16.0353 19.1479 3517 100000 0
64 60017.1 60020.6 50436985 0 1
65 26.2506 27.0837 2821 100002 0
66 14.6879 21.8175 2212 100000 0
67 59977.9 60021.3 69796199 0 1
68 60015.3 60018.9 18728312 0 1
69 55.5595 56.6929 53507 100000 0
70 35.8149 36.0487 3548 100000 0
71 60017.2 60022.2 54580486 0 1
72 0.74 1.4189 696 864 0
73 60015.5 60019.2 1469812 0 1
74 12.84 17.9428 965 100000 0
75 8.6308 9.1425 178 100000 0
76 12.961 31.4147 319 100000 0
77 192.754 196.765 123145 100000 0
78 32.0886 33.6824 40627 100000 0
79 72.3417 82.9276 24232 100000 0
80 14.2311 16.8117 3124 100000 0
81 20.3397 22.4334 1426 100002 0
82 2.0015 8.1651 262 100007 0
83 14.9919 28.5118 1446 100000 0
84 15.1221 21.8385 1640 100000 0
85 0.2868 9.0234 35 103824 0
86 1.9707 13.5933 55 100067 0
87 21.9245 30.3865 3641 100000 0
88 4.0868 4.4337 991 100032 0
89 17.2413 27.7896 13889 100000 0
90 44.8366 58.1413 31748 100000 0
91 60019.9 60022.5 107157897 0 1
92 12.5056 24.121 324 100000 0
93 7.9111 10.3333 7054 100754 0
94 1.1532 1.9739 44 100044 0
95 17.6863 42.4558 11329 100000 0
96 22.5606 26.5257 3889 100000 0
97 60009.4 60020.9 10843532 0 1
98 40.6937 41.9239 11249 100000 0
99 1.0849 3.0017 83 100240 0
Average Search Time Per Query => 212.6636 ms!
Average Total Time Per Query => 219.5370 ms!
Average Recursive Call Count => 27596.9655
Total Number of Found Matches=> 8,212,086,853,653
#End Queries=> 87
