Data File :human
Query file:human_40n
LIMIT: 100000
0 22.8551 29.4862 7338 100000 0
1 60018 60022.7 42606632 0 1
2 1.0989 2.4655 83 100008 0
3 5.059 14.6327 1676 100008 0
4 5.552 10.0826 4084 100023 0
5 1.8137 25.5501 316 100080 0
6 0.3897 15.1172 37 1.60989e+08 0
7 7.6477 9.0759 662 100008 0
8 22.9784 27.403 6532 100002 0
9 2.7284 15.2299 66 100006 0
10 5.5578 8.3767 709 100002 0
11 1802.2 1841.46 136345 8.21192e+12 0
12 19.2476 30.2266 1443 100000 0
13 2.0792 12.8669 63 100098 0
14 3.3274 4.7033 143 100006 0
15 0.735 2.3656 176 100188 0
16 93.6225 95.2609 77057 100000 0
17 18.0779 24.7082 1676 100000 0
18 11.3912 15.9132 2382 100000 0
19 14.6538 22.9888 1852 100000 0
20 13.1075 15.1683 1179 100000 0
21 0.0656 2.2789 36 156978 0
22 0.7202 2.8175 41 100198 0
23 128.773 132.768 3600 100000 0
24 5.1602 8.7377 1911 100012 0
25 15.7859 23.9834 733 100000 0
26 17.9746 31.8457 2059 100000 0
27 21.1653 42.9568 2306 100000 0
28 60053.7 60064.4 1519458 0 1
29 29.1613 37.1635 21425 100000 0
30 60026.6 60033.2 14241249 0 1
31 48.0324 69.4586 10250 100000 0
32 21.1715 23.6841 1145 100002 0
33 0.6763 3.152 48 100100 0
34 2.5985 20.6031 365 100006 0
35 60019.5 60022 49918748 0 1
36 17.2844 33.7609 1212 100000 0
37 14.3965 21.357 1125 100000 0
38 12.9999 14.1872 1960 100000 0
39 12.9215 31.0984 764 100000 0
40 23.4049 30.1074 9234 100000 0
41 18.6192 20.9966 2457 100000 0
42 13.9916 15.7757 1793 100000 0
43 2.091 12.3043 76 100062 0
44 13.9302 17.1394 3259 100000 0
45 23.4724 31.9711 10480 100068 0
46 29.4042 34.0671 900 100000 0
47 13332.4 13334.3 1666719 100008 0
48 2.3954 4.249 58 100020 0
49 0.0603 4.9906 37 494832 0
50 13.7991 18.01 2429 100000 0
51 11.7119 13.0584 783 100000 0
52 8.0819 13.9535 1368 100053 0
53 20.5463 23.1947 5984 100000 0
54 60004.4 60020.4 21557215 0 1
55 59998.8 60020.1 45995193 0 1
56 5.387 11.8887 86 100000 0
57 0.1096 1.5833 39 101898 0
58 10.2945 20.4043 1119 100000 0
59 28.6848 35.4484 14155 100000 0
60 30.1609 32.7658 35990 100020 0
61 8.3247 10.4771 928 100011 0
62 22.8782 25.9002 2247 100000 0
63 21.0435 25.4902 3517 100000 0
64 60018.6 60021.5 49870653 0 1
65 28.8878 29.7228 2821 100002 0
66 15.1123 22.5989 2212 100000 0
67 59978.3 60023 65782528 0 1
68 60017.4 60021 19064249 0 1
69 62.478 63.6754 53507 100000 0
70 34.9679 35.2108 3548 100000 0
71 60020.7 60025.6 51563337 0 1
72 0.6969 1.4003 696 864 0
73 60019.1 60022.9 1346654 0 1
74 15.9188 21.2731 965 100000 0
75 13.0562 13.6295 178 100000 0
76 7.2015 19.6275 319 100000 0
77 142.001 144.275 123145 100000 0
78 33.0215 33.9924 40627 100000 0
79 72.4021 83.1145 24232 100000 0
80 14.5966 17.1646 3124 100000 0
81 20.1288 22.2168 1426 100002 0
82 2.0938 8.1338 262 100007 0
83 14.7401 28.4353 1446 100000 0
84 15.6129 22.2547 1640 100000 0
85 0.3172 9.1386 35 103824 0
86 2.0838 14.2087 55 100067 0
87 24.2017 33.4278 3641 100000 0
88 4.3662 4.7956 991 100032 0
89 22.8279 33.4824 13889 100000 0
90 46.7772 60.244 31748 100000 0
91 60018.7 60021.4 99536481 0 1
92 15.2241 26.822 324 100000 0
93 8.0771 10.498 7054 100754 0
94 1.114 1.934 44 100044 0
95 19.4216 45.3294 11329 100000 0
96 26.5066 30.5048 3889 100000 0
97 60009.7 60021.1 5924283 0 1
98 45.7049 46.9468 11249 100000 0
99 1.0827 3.0431 83 100240 0
Average Search Time Per Query => 192.5792 ms!
Average Total Time Per Query => 199.4040 ms!
Average Recursive Call Count => 27596.9655
Total Number of Found Matches=> 8,212,086,853,653
#End Queries=> 87
