Data File :human
Query file:human_40n
LIMIT: 100000
0 60019 60021.4 73709438 0 1
1 60018.7 60020.5 110426039 0 1
2 0.4498 0.9898 83 100008 0
3 1.7609 5.4673 1676 100008 0
4 4.2243 6.1835 4324 100000 0
5 0.7675 11.5056 316 100080 0
6 0.1485 6.3174 37 2.46024e+06 0
7 0.4671 1.0961 93 100080 0
8 6.9395 8.7962 514 100002 0
9 2.5683 7.4347 128 100005 0
10 2.8944 4.0378 2041 100002 0
11 0.1479 15.3324 33 5.83507e+11 0
12 5.7571 9.831 1443 100000 0
13 0.6795 4.8362 62 100096 0
14 1.263 1.8886 143 100006 0
15 0.2894 1.0111 176 100188 0
16 128.736 129.468 319542 100000 0
17 4.9024 7.6456 1322 100000 0
18 6.6836 8.7023 2382 100000 0
19 5.3787 8.5854 1852 100000 0
20 6.2419 7.1104 1179 100000 0
21 0.0257 0.9399 36 156978 0
22 0.2658 1.0888 41 100198 0
23 44.3324 45.9544 6659 100000 0
24 1.7789 3.2149 1911 100012 0
25 6.1372 9.4271 733 100000 0
26 6.1238 11.6645 1559 100000 0
27 5.927 13.8828 1999 100000 0
28 60017.6 60021.6 20949865 0 1
29 5.6909 9.0238 1480 100000 0
30 60018.8 60021.5 3614309 0 1
31 16.4868 24.5547 10250 100000 0
32 60021.4 60022.5 86129427 0 1
33 0.3093 1.3555 48 100100 0
34 11.2659 18.2185 771 100000 0
35 60020 60021 128432620 0 1
36 60016.4 60022.9 37266139 0 1
37 5.3096 7.913 1125 100000 0
38 4.9224 5.5355 1964 100000 0
39 4.8749 12.6276 789 100000 0
40 10.909 13.4577 14505 100000 0
41 5.9113 6.8283 2457 100000 0
42 5.1128 5.7909 1793 100000 0
43 0.7539 4.823 51 100062 0
44 7.2347 8.632 3327 100000 0
45 0.7128 3.8719 43 100121 0
46 11.9007 13.7295 900 100000 0
47 6259.4 6260.21 1666720 100008 0
48 0.8181 1.7141 58 100020 0
49 0.0236 1.8584 37 494832 0
50 7.5895 9.5966 2429 100000 0
51 1.5575 2.1854 72 100002 0
52 3.1022 5.3437 1368 100053 0
53 6.1304 7.3628 5984 100000 0
54 6.5739 12.6851 5749 100000 0
55 60012.1 60021.3 37244493 0 1
56 3.1945 5.8757 161 100000 0
57 0.0588 0.8889 38 101898 0
58 4.9921 9.7884 1134 100000 0
59 8.1344 10.0502 14155 100000 0
60 11.2029 12.2129 26439 100020 0
61 1.8055 2.5886 97 100011 0
62 6.529 7.5872 2247 100000 0
63 6.1783 7.5229 3517 100000 0
64 60019.8 60021.3 123126322 0 1
65 1.2718 1.6072 3507 100020 0
66 5.4914 8.3599 2214 100000 0
67 2.6039 20.7429 1268 100010 0
68 60019.4 60021 44916765 0 1
69 5.2924 5.7741 2113 100000 0
70 2.3359 2.4599 443 100000 0
71 60019.2 60021.1 127591763 0 1
72 0.2978 0.6267 696 864 0
73 60019.1 60020.6 2321781 0 1
74 5.1688 7.5849 981 100000 0
75 3.6452 3.9617 178 100000 0
76 60012.7 60021.1 70982357 0 1
77 10.8492 12.4047 21580 100002 0
78 12.4685 13.1328 40627 100000 0
79 10.0307 14.4916 16328 100000 0
80 5.6581 6.6811 3124 100000 0
81 12.5 13.4432 2038 100000 0
82 0.7679 3.5045 104 100007 0
83 60015.6 60020.9 9359064 0 1
84 5.8969 8.4783 1640 100000 0
85 0.1437 3.4714 35 103824 0
86 0.73 5.9059 115 100100 0
87 5.8858 9.4985 1454 100000 0
88 1.6486 1.867 802 100032 0
89 8.0805 12.2338 25248 100000 0
90 16.9262 23.1145 29385 100004 0
91 60020.4 60021.6 251612584 0 1
92 4.8232 9.6113 324 100000 0
93 60021.4 60022.7 30775966 0 1
94 1.3073 1.677 59 100002 0
95 57.2699 67.4425 101574 100000 0
96 9.1251 10.7743 3889 100000 0
97 0.3768 4.8048 38 4.90921e+06 0
98 17.1292 17.6785 8320 100000 0
99 0.3921 1.1998 83 100240 0
Average Search Time Per Query => 81.8059 ms!
Average Total Time Per Query => 84.7474 ms!
Average Recursive Call Count => 28430.4643
Total Number of Found Matches=> 583,522,333,347
#End Queries=> 84
