Data File :human
Query file:human_40n
LIMIT: 100000
0 23.1738 29.6055 7338 100000 0
1 60018 60022.7 42302739 0 1
2 1.2765 2.7068 83 100008 0
3 5.4048 14.9438 1676 100008 0
4 5.6444 10.2723 4084 100023 0
5 1.8324 24.9218 316 100080 0
6 0.3837 15.0417 37 1.60989e+08 0
7 8.6105 10.0432 662 100008 0
8 20.1382 24.6374 514 100002 0
9 2.47 14.7521 66 100006 0
10 5.7275 8.5122 709 100002 0
11 1818.84 1857.25 136344 8.21192e+12 0
12 15.5691 26.7608 1443 100000 0
13 1.8612 12.757 62 100096 0
14 3.2722 4.936 143 100006 0
15 0.7466 2.4247 176 100188 0
16 86.5189 88.1765 77057 100000 0
17 14.1933 20.8316 1688 100000 0
18 14.0915 19.8649 2382 100000 0
19 14.9005 23.3003 1852 100000 0
20 12.6653 14.749 1179 100000 0
21 0.0604 2.2682 36 156978 0
22 0.7112 3.1841 41 100198 0
23 114.51 118.618 6659 100000 0
24 4.4813 8.1902 1911 100012 0
25 12.9429 21.0029 733 100000 0
26 14.6033 28.3078 1768 100000 0
27 1391.63 1412.91 649315 100000 0
28 60011.1 60021.8 8240690 0 1
29 14.0165 21.852 1480 100000 0
30 2.4651 9.3112 75 100045 0
31 43.1936 64.0108 10250 100000 0
32 20.374 22.8791 1145 100002 0
33 0.7105 3.1602 48 100100 0
34 2.4268 20.2317 62 100006 0
35 60019.3 60022.2 52506833 0 1
36 14.7514 30.9084 1212 100000 0
37 17.5825 24.4935 1125 100000 0
38 15.6124 16.7456 1960 100000 0
39 13.5529 31.4304 764 100000 0
40 21.104 27.753 9234 100000 0
41 16.8711 19.2329 2457 100000 0
42 15.7283 17.5256 1793 100000 0
43 2.1538 12.4402 76 100062 0
44 16.6426 19.7831 3386 100000 0
45 60014 60021.9 6227135 0 1
46 24.7422 29.4211 900 100000 0
47 15583.2 15585.1 1666719 100008 0
48 1.8225 3.8282 58 100020 0
49 0.059 4.9923 37 494832 0
50 20.7325 25.75 2429 100000 0
51 16.5097 17.9937 783 100000 0
52 7.9184 13.6405 1368 100053 0
53 18.5635 21.0315 5984 100000 0
54 60005.9 60021.3 21765805 0 1
55 59998.7 60022 15958630 0 1
56 8.5522 15.1185 164 100000 0
57 60018.9 60021.1 33822600 0 1
58 12.587 25.5974 1134 100000 0
59 21.4919 26.3108 14155 100000 0
60 27.0466 29.3725 36000 100020 0
61 5.3944 7.2373 928 100011 0
62 15.474 17.9755 2247 100000 0
63 15.415 18.7052 3517 100000 0
64 60017.4 60021.2 50617056 0 1
65 28.2666 29.1042 2821 100002 0
66 13.9042 21.172 2212 100000 0
67 59978.7 60022.5 67988129 0 1
68 60018.7 60022.3 18680255 0 1
69 55.693 56.8137 53507 100000 0
70 36.9923 37.2429 3548 100000 0
71 60018 60022.7 52154243 0 1
72 0.6957 1.4166 696 864 0
73 60019.6 60022.9 1465978 0 1
74 13.3379 18.4335 981 100000 0
75 8.7961 9.3006 178 100000 0
76 12.9073 31.4018 319 100000 0
77 193.586 197.57 123145 100000 0
78 32.0467 33.7065 40627 100000 0
79 78.7948 89.4548 24231 100000 0
80 14.703 17.2699 3124 100000 0
81 20.7808 22.8068 1426 100002 0
82 1.9358 8.1478 104 100007 0
83 13.8493 27.5741 1523 100000 0
84 15.1345 21.4433 1640 100000 0
85 0.295 8.628 35 103824 0
86 1.9437 13.4595 55 100067 0
87 20.9461 29.4881 3368 100000 0
88 4.4793 4.7888 818 100032 0
89 21.1511 31.6976 25248 100000 0
90 82.238 95.4741 60170 100035 0
91 60020.1 60022.8 107294754 0 1
92 12.4609 24.1127 324 100000 0
93 8.258 10.6617 7054 100754 0
94 1.1046 1.9463 44 100044 0
95 139.449 164.723 101574 100000 0
96 22.6296 26.6586 3889 100000 0
97 60010.4 60021.7 11322792 0 1
98 44.0472 45.3441 11249 100000 0
99 1.066 2.97 83 100240 0
Average Search Time Per Query => 238.3074 ms!
Average Total Time Per Query => 245.2051 ms!
Average Recursive Call Count => 36555.3140
Total Number of Found Matches=> 8,212,086,751,765
#End Queries=> 86
