Data File :human
Query file:human_40n
LIMIT: 100000
0 25.2562 33.8626 7338 100000 0
1 60017.3 60022.9 42887503 0 1
2 1.1407 2.4973 83 100008 0
3 4.7252 14.43 1676 100008 0
4 6.1406 10.5643 4084 100023 0
5 1.8042 25.3159 316 100080 0
6 0.4081 15.0764 37 1.60989e+08 0
7 7.628 9.0596 662 100008 0
8 22.4032 26.7876 6532 100002 0
9 2.5918 15.1111 66 100006 0
10 6.4419 9.1563 709 100002 0
11 1797.25 1836.38 136345 8.21192e+12 0
12 15.3589 26.4975 1443 100000 0
13 1.9376 12.7559 63 100098 0
14 3.5297 4.9733 143 100006 0
15 0.7669 2.4242 176 100188 0
16 87.6532 89.2823 77057 100000 0
17 14.5763 21.3943 1676 100000 0
18 14.4247 19.8278 2382 100000 0
19 15.5206 23.7381 1852 100000 0
20 12.9092 14.9776 1179 100000 0
21 0.0689 2.3549 36 156978 0
22 0.7782 2.8956 41 100198 0
23 129.166 133.173 3600 100000 0
24 4.7469 8.339 1911 100012 0
25 13.278 21.5659 733 100000 0
26 14.2362 28.1166 2059 100000 0
27 18.6513 36.1905 2306 100000 0
28 60012.6 60023.2 1499043 0 1
29 24.737 33.0554 21425 100000 0
30 60014.2 60020.8 14528013 0 1
31 44.5932 65.6978 10250 100000 0
32 20.1806 22.6609 1145 100002 0
33 0.995 3.4896 48 100100 0
34 2.9716 21.415 365 100006 0
35 60021.1 60023.7 53524345 0 1
36 15.1045 31.393 1212 100000 0
37 14.3227 21.2771 1125 100000 0
38 13.2793 14.4364 1960 100000 0
39 13.8361 32.2623 764 100000 0
40 20.3528 25.3338 9234 100000 0
41 14.9309 17.2221 2457 100000 0
42 14.3533 16.0815 1793 100000 0
43 2.1771 12.3244 76 100062 0
44 13.7393 17.3415 3259 100000 0
45 23.6344 31.776 10480 100068 0
46 27.9607 32.6143 900 100000 0
47 15062.8 15064.8 1666719 100008 0
48 1.9732 4.0191 58 100020 0
49 0.0645 5.2105 37 494832 0
50 16.7627 21.8808 2429 100000 0
51 12.8506 14.3821 783 100000 0
52 8.2533 13.9269 1368 100053 0
53 16.1246 18.6425 5984 100000 0
54 60013.1 60028.3 20593658 0 1
55 59999.3 60022.5 46290904 0 1
56 8.3466 14.456 86 100000 0
57 0.1532 2.066 39 101898 0
58 12.7794 25.3306 1119 100000 0
59 21.7132 26.4543 14155 100000 0
60 27.3075 29.6953 35990 100020 0
61 5.7581 7.6752 928 100011 0
62 15.7902 18.4006 2247 100000 0
63 15.8042 18.9739 3517 100000 0
64 60020.6 60024.2 50254340 0 1
65 29.6035 30.433 2821 100002 0
66 14.2997 21.7225 2212 100000 0
67 59978.8 60022.7 68371257 0 1
68 60016.6 60020.1 18688398 0 1
69 55.1715 56.3209 53507 100000 0
70 37.7042 37.9636 3548 100000 0
71 60018.1 60023 55339721 0 1
72 0.7441 1.5132 696 864 0
73 60018.7 60021.9 1486911 0 1
74 12.9598 18.0584 965 100000 0
75 9.5495 10.0427 178 100000 0
76 12.6278 31.3659 319 100000 0
77 197.382 201.538 123145 100000 0
78 32.6289 34.1887 40627 100000 0
79 72.4419 83.0268 24232 100000 0
80 15.2114 17.7753 3124 100000 0
81 21.8702 23.9557 1426 100002 0
82 2.1926 8.6728 262 100007 0
83 15.4541 29.0594 1446 100000 0
84 15.6625 22.1352 1640 100000 0
85 0.3047 9.0048 35 103824 0
86 2.0575 13.5913 55 100067 0
87 22.0567 30.7384 3641 100000 0
88 4.2175 4.6024 991 100032 0
89 16.9469 27.5237 13889 100000 0
90 45.7202 58.9373 31748 100000 0
91 60019.9 60022.6 106452415 0 1
92 13.1265 24.6975 324 100000 0
93 7.9726 10.4151 7054 100754 0
94 1.2153 2.0522 44 100044 0
95 18.4288 43.6221 11329 100000 0
96 22.6049 26.6371 3889 100000 0
97 60012.2 60023.5 10945427 0 1
98 43.6539 44.8927 11249 100000 0
99 1.117 3.0043 83 100240 0
Average Search Time Per Query => 212.2067 ms!
Average Total Time Per Query => 219.0631 ms!
Average Recursive Call Count => 27596.9655
Total Number of Found Matches=> 8,212,086,853,653
#End Queries=> 87
