Data File :human
Query file:human_40n
LIMIT: 100000
0 60016 60019.4 60358292 0 1
1 60017.8 60019.9 103876816 0 1
2 0.4474 0.9976 83 100008 0
3 1.7273 5.4551 1676 100008 0
4 4.2454 6.1307 4324 100000 0
5 0.67 11.1272 316 100080 0
6 0.2269 6.2052 37 2.46024e+06 0
7 0.443 1.0668 93 100080 0
8 6.6895 8.3842 514 100002 0
9 2.8687 8.0614 128 100005 0
10 2.9017 4.029 2041 100002 0
11 0.1449 15.704 33 5.83507e+11 0
12 5.8328 9.9091 1443 100000 0
13 0.6773 4.8726 62 100096 0
14 1.231 1.8357 143 100006 0
15 0.2772 1.0221 176 100188 0
16 132.863 133.602 319542 100000 0
17 5.1459 7.9578 1322 100000 0
18 5.1082 7.165 2382 100000 0
19 5.8977 9.0745 1852 100000 0
20 5.0441 5.9071 1179 100000 0
21 0.0301 1.4369 36 156978 0
22 0.2721 1.2004 41 100198 0
23 42.1684 43.6974 6659 100000 0
24 1.5961 3.0006 1911 100012 0
25 5.7759 8.9021 733 100000 0
26 5.3711 10.356 1559 100000 0
27 6.1378 14.1578 1999 100000 0
28 60015.2 60020.1 19960588 0 1
29 5.3403 8.2988 1480 100000 0
30 60018.3 60020.9 3459262 0 1
31 17.107 24.8315 10250 100000 0
32 60020.7 60021.7 86735051 0 1
33 0.2925 1.3884 48 100100 0
34 12.8849 20.5141 771 100000 0
35 60025.1 60026.3 120367791 0 1
36 60012.1 60020.9 34426364 0 1
37 5.1026 7.7787 1125 100000 0
38 4.8454 5.4233 1964 100000 0
39 4.6748 12.322 789 100000 0
40 9.0757 11.519 14505 100000 0
41 5.1106 5.9864 2457 100000 0
42 5.152 5.8999 1793 100000 0
43 0.7151 4.6482 51 100062 0
44 7.4143 9.1481 3327 100000 0
45 0.7365 3.9349 43 100121 0
46 11.0062 12.864 900 100000 0
47 5980.62 5981.5 1666720 100008 0
48 0.6976 1.5178 58 100020 0
49 0.0245 1.9474 37 494832 0
50 6.3342 8.4496 2429 100000 0
51 1.4693 2.1652 72 100002 0
52 5.1624 7.6752 1368 100053 0
53 6.0154 7.2706 5984 100000 0
54 6.3662 12.6592 5749 100000 0
55 60012.4 60021.8 37906096 0 1
56 2.9034 5.0382 161 100000 0
57 0.0561 0.9767 38 101898 0
58 5.5316 10.3968 1134 100000 0
59 8.3704 10.3054 14155 100000 0
60 9.1637 10.0239 26439 100020 0
61 1.7693 2.5602 97 100011 0
62 7.283 8.3771 2247 100000 0
63 6.1591 7.4136 3517 100000 0
64 60021.2 60022.7 125750795 0 1
65 1.1685 1.5284 3507 100020 0
66 5.3552 8.1782 2214 100000 0
67 2.1453 19.3285 1268 100010 0
68 60020.9 60022.8 47130541 0 1
69 5.0781 5.5927 2113 100000 0
70 2.0657 2.1656 443 100000 0
71 60019.2 60021 129897383 0 1
72 0.2774 0.6231 696 864 0
73 60017.7 60019.4 2020750 0 1
74 5.9961 8.1913 981 100000 0
75 3.519 3.7772 178 100000 0
76 60009.2 60018.8 58107502 0 1
77 12.7756 14.5439 21580 100002 0
78 14.5375 15.7644 40627 100000 0
79 10.2686 14.7193 16328 100000 0
80 5.9721 7.8819 3124 100000 0
81 12.731 13.6321 2038 100000 0
82 0.7725 3.5101 104 100007 0
83 60013.9 60019.6 7636940 0 1
84 6.3748 9.441 1640 100000 0
85 0.1475 3.8814 35 103824 0
86 0.7153 6.5298 115 100100 0
87 6.4754 9.9551 1454 100000 0
88 1.4529 1.6641 802 100032 0
89 8.9608 13.3441 25248 100000 0
90 21.0546 28.4044 29385 100004 0
91 60017.1 60018.7 209837757 0 1
92 5.3641 10.443 324 100000 0
93 60017.9 60019.3 25759867 0 1
94 1.2919 1.7119 59 100002 0
95 62.2801 73.2724 101574 100000 0
96 9.6468 11.5101 3889 100000 0
97 0.6838 5.5574 38 4.90921e+06 0
98 22.5695 23.338 8320 100000 0
99 0.4519 1.5499 83 100240 0
Average Search Time Per Query => 78.7061 ms!
Average Total Time Per Query => 81.7158 ms!
Average Recursive Call Count => 28430.4643
Total Number of Found Matches=> 583,522,333,347
#End Queries=> 84
