Data File :human
Query file:human_40n
LIMIT: 100000
0 14.4946 21.5037 1561 100000 0
1 60015.7 60020.9 37027498 0 1
2 1.9886 3.9859 61 100008 0
3 5.5201 35.1453 1676 100008 0
4 4.3822 9.182 205 100023 0
5 1.5606 25.9825 316 100080 0
6 0.2495 16.2127 37 2.46024e+06 0
7 9.0947 10.5813 662 100008 0
8 22.2867 26.8395 633 100002 0
9 7.1979 20.1964 128 100005 0
10 29.6455 32.4383 12969 100000 0
11 0.3292 40.7747 33 5.83507e+11 0
12 16.1137 28.6423 1443 100000 0
13 1.873 12.9172 63 100098 0
14 3.4052 4.8297 143 100006 0
15 3.9098 5.5724 403 100008 0
16 370.029 371.773 319542 100000 0
17 101.133 108.775 25246 100000 0
18 21.9328 29.8656 3712 100000 0
19 24.2857 32.8051 1852 100000 0
20 20.3488 22.5439 1179 100000 0
21 0.0765 3.0715 36 156978 0
22 0.7416 2.9237 41 100198 0
23 142.608 146.954 3600 100000 0
24 10.0711 13.8929 5784 100012 0
25 16.5773 27.14 733 100000 0
26 24.2859 38.7334 2059 100000 0
27 25.6975 55.6468 1999 100000 0
28 60026.3 60037.2 1387532 0 1
29 18.3819 24.3101 21425 100000 0
30 60016.2 60021 546397 0 1
31 34.4075 62.369 10250 100000 0
32 16.8148 18.7146 1145 100002 0
33 0.5456 2.4476 48 100100 0
34 61.4091 75.235 1812 100000 0
35 60019.5 60021.5 50345865 0 1
36 18.484 35.0221 4406 100000 0
37 15.3654 22.1244 1125 100000 0
38 13.0753 14.2286 1960 100000 0
39 20.9749 43.5706 764 100000 0
40 28.2903 35.2234 12375 100000 0
41 16.1914 18.7439 3227 100000 0
42 13.6398 15.3496 1793 100000 0
43 1.9636 12.5268 51 100062 0
44 15.2859 18.3156 3425 100000 0
45 5.0767 13.3859 66 100004 0
46 64.0904 68.7642 55961 100000 0
47 16559.2 16561.1 1666717 100008 0
48 2.7655 5.5126 58 100020 0
49 0.0472 3.9319 37 494832 0
50 25.096 31.0389 2429 100000 0
51 3.4127 4.7166 73 100002 0
52 15.3468 21.9133 1368 100053 0
53 18.1021 21.5666 5984 100000 0
54 19.8158 40.263 2497 100000 0
55 18.0644 43.108 1898 100000 0
56 25.2946 33.0001 539 100000 0
57 0.1494 2.0263 40 101898 0
58 23.1858 37.0004 1119 100000 0
59 15.4576 23.104 1247 100000 0
60 48.7913 51.5664 35983 100020 0
61 7.0604 8.7428 905 100004 0
62 35.2796 38.2476 2247 100000 0
63 25.8211 29.4698 3517 100000 0
64 0.0784 3.9803 37 114816 0
65 40.9375 41.7803 2821 100002 0
66 15.8388 24.0013 2214 100000 0
67 10.2465 69.1156 1268 100010 0
68 60018.8 60025.1 14632864 0 1
69 76.6586 78.4027 53493 100000 0
70 57.553 57.8177 3548 100000 0
71 28.06 36.6479 9064 100000 0
72 2.236 2.7691 655 864 0
73 60018.8 60028.9 1043670 0 1
74 128.097 137.492 151463 100000 0
75 16.5663 17.4521 178 100000 0
76 44.3252 95.9233 319 100000 0
77 222.897 230.209 123145 100000 0
78 45.8219 47.4305 90744 100000 0
79 30.1487 41.6179 16328 100000 0
80 33.1342 36.9818 51288 100000 0
81 6.3011 8.7346 604 100000 0
82 250.004 257.392 78638 100007 0
83 18.1877 32.2506 1446 100000 0
84 21.67 29.3814 1640 100000 0
85 0.4612 12.5538 35 103824 0
86 2.1198 14.0389 55 100067 0
87 20.4485 29.153 1454 100000 0
88 5.0286 5.356 1020 100032 0
89 21.5596 33.6788 13889 100000 0
90 30.8005 43.8564 23977 100035 0
91 60024.1 60026.5 72060689 0 1
92 21.1697 38.7577 324 100000 0
93 60020.3 60025.3 32851237 0 1
94 6.6084 7.8183 59 100002 0
95 22.4084 49.0836 11329 100000 0
96 27.3694 32.0446 3889 100000 0
97 60008.2 60022.5 3114480 0 1
98 46.6848 47.9153 9179 100000 0
99 1.9002 3.9032 110 100100 0
Average Search Time Per Query => 212.3302 ms!
Average Total Time Per Query => 221.4631 ms!
Average Recursive Call Count => 31723.2967
Total Number of Found Matches=> 583,518,238,438
#End Queries=> 91
