Data File :human
Query file:human_40n
LIMIT: 100000
0 4.7226 7.1645 1561 100000 0
1 60019 60021.6 107464668 0 1
2 0.6838 1.2332 102 100020 0
3 2.1382 8.5255 1676 100008 0
4 1.3614 3.1798 59 100023 0
5 0.7289 13.686 316 100080 0
6 0.1251 6.9958 37 2.46024e+06 0
7 5.5696 6.3163 662 100008 0
8 14.7946 17.3627 665 100002 0
9 1.0844 9.3386 51 100050 0
10 4.5566 6.5076 2041 100002 0
11 0.1503 17.886 33 5.83507e+11 0
12 6.0906 10.8362 1443 100000 0
13 0.7694 5.3305 63 100098 0
14 1.575 2.2703 755 100006 0
15 1.3755 2.1005 403 100008 0
16 173.31 174.464 319542 100000 0
17 52.5601 55.5272 235992 100000 0
18 15.9499 19.6596 3712 100000 0
19 12.3179 18.0312 1852 100000 0
20 15.8061 17.6833 1179 100000 0
21 0.0583 2.5968 36 156978 0
22 0.6659 1.9918 41 100198 0
23 67.0457 69.8905 3600 100000 0
24 60017.7 60020.8 194655599 0 1
25 4.8826 8.2644 733 100000 0
26 5.6666 11.2377 2059 100000 0
27 7.8148 16.2952 1999 100000 0
28 60017.3 60021.5 3633284 0 1
29 8.8017 11.7586 21425 100000 0
30 60018 60020.4 1836127 0 1
31 17.9931 26.0481 10250 100000 0
32 8.188 9.2372 1145 100002 0
33 0.285 1.3245 48 100100 0
34 24.6724 31.728 1812 100000 0
35 60020.1 60021.2 131350082 0 1
36 60014.3 60021.2 64632714 0 1
37 5.0809 7.7425 1125 100000 0
38 4.7719 5.3165 1960 100000 0
39 4.8922 12.0335 764 100000 0
40 10.822 13.5334 12371 100000 0
41 6.8716 7.8718 3227 100000 0
42 5.4399 6.1458 1793 100000 0
43 0.7731 4.9231 51 100062 0
44 5.8416 7.0875 3425 100000 0
45 0.7083 4.5038 43 100121 0
46 28.1349 29.9344 55961 100000 0
47 6006.64 6007.52 1666717 100008 0
48 0.6928 1.5171 58 100020 0
49 0.0218 1.9112 37 494832 0
50 6.5029 8.43 2429 100000 0
51 1.3859 1.9706 73 100002 0
52 3.0185 5.104 1368 100053 0
53 6.4579 7.6145 5984 100000 0
54 6.3434 12.2901 2497 100000 0
55 5.7612 14.6917 1898 100000 0
56 8.6108 11.2946 539 100000 0
57 0.0572 0.8596 38 101898 0
58 4.4911 9.816 1119 100000 0
59 4.7365 6.4509 1247 100000 0
60 10.6522 11.6985 35990 100020 0
61 4.1943 4.9043 2276 100004 0
62 8.3114 9.4904 2247 100000 0
63 6.497 7.8383 3517 100000 0
64 0.03 1.6356 37 114816 0
65 12.1892 12.5705 2821 100002 0
66 5.9164 9.2535 2214 100000 0
67 2.5438 21.1615 1268 100010 0
68 60021.1 60022.6 46990128 0 1
69 21.3588 21.973 53493 100000 0
70 14.8927 15.076 3548 100000 0
71 7.7466 9.976 9064 100000 0
72 0.2174 0.3632 655 864 0
73 60021 60022.6 265852077 0 1
74 6.9429 9.0558 7147 100000 0
75 3.6233 3.8966 178 100000 0
76 4.854 12.4964 319 100000 0
77 82.0352 83.705 123145 100000 0
78 10.8856 11.6542 6844 100000 0
79 10.5728 15.107 16328 100000 0
80 13.6188 14.6643 5796 100000 0
81 9.8138 10.6797 1426 100002 0
82 8.392 11.051 12820 100000 0
83 6.2127 12.9618 1446 100000 0
84 6.5011 9.4338 1640 100000 0
85 0.1202 4.3478 35 100800 0
86 1.56 8.4212 55 100067 0
87 11.9757 16.6093 1454 100000 0
88 2.1597 2.3946 1020 100032 0
89 18.2304 27.6505 13889 100000 0
90 14.1033 20.9728 23977 100035 0
91 60021.4 60022.5 261838567 0 1
92 4.884 9.3413 324 100000 0
93 60022.1 60023.1 105812224 0 1
94 1.5694 2.0117 59 100002 0
95 7.3792 17.9391 11329 100000 0
96 9.3536 11.1074 3889 100000 0
97 60015.9 60020.7 43064723 0 1
98 17.7798 18.3114 9179 100000 0
99 0.7603 1.6524 110 100100 0
Average Search Time Per Query => 77.9514 ms!
Average Total Time Per Query => 81.3982 ms!
Average Recursive Call Count => 30781.5169
Total Number of Found Matches=> 583,518,035,573
#End Queries=> 89
