Data File :human
Query file:human_40n
LIMIT: 100000
0 60018.8 60021.7 62665303 0 1
1 7.1632 9.5291 4140 100000 0
2 0.4352 1.0108 83 100008 0
3 5.2198 9.2832 3296 100008 0
4 4.8002 6.6886 4324 100000 0
5 0.7567 12.9553 316 100080 0
6 0.1428 7.4158 37 2.46024e+06 0
7 0.5968 1.3038 93 100080 0
8 6.8692 9.555 514 100002 0
9 3.5944 9.2336 128 100005 0
10 3.7235 4.9193 709 100002 0
11 0.149 19.2766 33 5.83507e+11 0
12 4.5401 9.2673 205 100002 0
13 0.7028 5.3944 62 100096 0
14 1.3496 1.9172 143 100006 0
15 0.2812 0.9977 176 100188 0
16 153.435 154.148 319542 100000 0
17 60018.7 60022.7 22906444 0 1
18 5.1948 7.6538 2382 100000 0
19 6.377 10.8482 1852 100000 0
20 6.3799 7.2471 1179 100000 0
21 0.0691 1.3965 36 156978 0
22 0.2846 1.6261 41 100198 0
23 50.4673 52.1927 12979 100000 0
24 60025.6 60027 230300856 0 1
25 7.1732 10.832 733 100000 0
26 7.0747 13.9204 1559 100000 0
27 7.9526 22.687 1774 100000 0
28 60017 60022 17673605 0 1
29 6.6092 9.6776 1480 100000 0
30 60013.7 60017.8 45104107 0 1
31 17.9482 27.1984 10250 100000 0
32 60023.5 60024.5 77262888 0 1
33 0.342 1.5886 48 100100 0
34 14.3032 24.0859 771 100000 0
35 60027.8 60029.2 114248094 0 1
36 60014.6 60023 32541731 0 1
37 5.5873 9.5025 1125 100000 0
38 5.3615 5.9519 1964 100000 0
39 5.696 14.4404 789 100000 0
40 10.0685 12.585 14505 100000 0
41 7.3301 8.6732 2457 100000 0
42 6.6571 7.5433 1793 100000 0
43 0.903 5.6899 51 100062 0
44 9.9315 11.5734 3327 100000 0
45 132.378 136.252 13998 100002 0
46 11.5014 13.4041 900 100000 0
47 6883.64 6885.05 1666720 100008 0
48 0.7667 1.6511 58 100020 0
49 0.0511 3.04 37 494832 0
50 6.5408 9.4553 2429 100000 0
51 1.3542 2.0036 72 100002 0
52 4.1177 6.3085 1368 100053 0
53 5.8685 7.3561 5984 100000 0
54 60012.2 60018.8 48470808 0 1
55 60011.9 60022.1 31961150 0 1
56 2.7829 5.0646 161 100000 0
57 2.0346 2.8378 5743 101898 0
58 60020.7 60027.1 83472245 0 1
59 8.2078 10.38 14155 100000 0
60 11.7559 13.8449 34947 100044 0
61 2.9579 3.7859 905 100004 0
62 6.6981 7.971 2247 100000 0
63 9.3647 10.7654 3517 100000 0
64 60019.3 60021.1 110472284 0 1
65 1.3665 1.7563 3507 100020 0
66 5.6239 8.6231 2214 100000 0
67 4.1549 23.0903 1268 100010 0
68 60018.7 60020.1 41209173 0 1
69 23.1154 23.5784 53493 100000 0
70 2.5456 2.7092 465 100000 0
71 9.841 12.0954 9062 100000 0
72 0.2288 0.364 655 864 0
73 60019.3 60020.9 2023223 0 1
74 9.8255 12.2187 7148 100000 0
75 7.9468 8.5734 178 100000 0
76 60010.5 60021.1 63210306 0 1
77 12.6664 14.6562 21580 100002 0
78 13.7755 14.4561 40627 100000 0
79 12.5557 17.2113 16328 100000 0
80 16.1169 17.7322 5796 100000 0
81 16.1862 17.2124 2038 100000 0
82 0.8005 4.011 104 100007 0
83 6.1157 13.0299 1523 100000 0
84 7.7782 10.5645 1640 100000 0
85 0.1303 3.7139 35 103824 0
86 0.7936 6.872 115 100100 0
87 8.2909 11.9652 1454 100000 0
88 2.3545 2.5396 818 100032 0
89 9.272 14.2431 25248 100000 0
90 18.6282 25.0748 29385 100004 0
91 60018.7 60019.8 264485978 0 1
92 7.1439 12.1279 324 100000 0
93 60018.7 60020.1 27901807 0 1
94 0.6702 1.4276 59 100044 0
95 68.3534 79.6657 101574 100000 0
96 77.4519 80.4987 49455 100000 0
97 60012.1 60021.3 26179787 0 1
98 19.5895 20.0758 8320 100000 0
99 0.507 1.6229 83 100240 0
Average Search Time Per Query => 95.4795 ms!
Average Total Time Per Query => 98.9109 ms!
Average Recursive Call Count => 30885.7683
Total Number of Found Matches=> 583,517,324,065
#End Queries=> 82
