Data File :human
Query file:human_40n
LIMIT: 100000
0 60016.7 60019 68999742 0 1
1 60018.1 60020 103094541 0 1
2 0.469 1.0559 83 100008 0
3 1.8021 5.6336 1676 100008 0
4 4.5271 6.4888 4324 100000 0
5 0.773 11.3322 316 100080 0
6 0.1455 6.6539 37 2.46024e+06 0
7 0.4841 1.1302 93 100080 0
8 7.7517 9.6319 514 100002 0
9 2.6965 7.9411 128 100005 0
10 3.1064 4.1913 2041 100002 0
11 0.1467 15.9404 33 5.83507e+11 0
12 5.8438 10.4331 1443 100000 0
13 0.722 5.0358 62 100096 0
14 1.3088 1.9344 143 100006 0
15 0.3018 1.2677 176 100188 0
16 137.191 137.924 319542 100000 0
17 5.1863 8.423 1322 100000 0
18 5.7826 7.8748 2382 100000 0
19 5.2598 8.3275 1852 100000 0
20 5.5735 6.5044 1179 100000 0
21 0.0264 0.9542 36 156978 0
22 0.2974 1.1925 41 100198 0
23 73.0802 74.7298 6659 100000 0
24 2.8216 5.203 1911 100012 0
25 5.8578 9.4223 733 100000 0
26 6.2582 12.2991 1559 100000 0
27 7.1951 16.5667 1999 100000 0
28 60014.8 60019.4 19742560 0 1
29 5.2706 8.5837 1480 100000 0
30 60023 60025.6 3365810 0 1
31 17.2876 25.6943 10250 100000 0
32 60016.9 60017.9 72748284 0 1
33 0.3087 1.4353 48 100100 0
34 13.9433 21.5481 771 100000 0
35 60016.2 60017.5 102188923 0 1
36 60000.5 60017.3 28540805 0 1
37 6.4768 9.2925 1125 100000 0
38 9.1695 9.8031 1964 100000 0
39 8.1248 28.2589 789 100000 0
40 9.1876 11.8865 14505 100000 0
41 6.1893 7.5612 2457 100000 0
42 6.2032 6.99 1793 100000 0
43 0.9545 5.9496 51 100062 0
44 7.6095 8.9323 3327 100000 0
45 0.7999 4.6772 43 100121 0
46 12.7318 14.6459 900 100000 0
47 7798.46 7799.37 1666720 100008 0
48 0.8582 1.8321 58 100020 0
49 0.0275 2.1502 37 494832 0
50 9.0441 11.34 2429 100000 0
51 1.7063 2.4493 72 100002 0
52 3.5307 6.0545 1368 100053 0
53 7.5684 8.7988 5984 100000 0
54 7.8076 14.8286 5749 100000 0
55 60007.8 60018 29328281 0 1
56 3.3658 5.8625 161 100000 0
57 0.0636 0.9474 38 101898 0
58 9.0908 14.7532 1134 100000 0
59 9.6692 14.1803 14155 100000 0
60 10.2729 11.3681 26439 100020 0
61 2.15 2.985 97 100011 0
62 7.9029 9.126 2247 100000 0
63 11.6846 14.8642 3517 100000 0
64 60014.6 60018 100447943 0 1
65 1.5483 1.9427 3507 100020 0
66 7.671 11.0908 2214 100000 0
67 2.9066 24.601 1268 100010 0
68 60016.7 60018.4 36993200 0 1
69 5.6422 6.1394 2113 100000 0
70 3.1768 3.3135 443 100000 0
71 60017.1 60019.1 112189219 0 1
72 0.2846 0.5816 696 864 0
73 60017 60018.4 2050756 0 1
74 11.6466 15.427 981 100000 0
75 4.1105 4.5025 178 100000 0
76 60011.9 60019.5 61881564 0 1
77 12.0522 13.8744 21580 100002 0
78 14.6153 15.4831 40627 100000 0
79 11.7306 17.2007 16328 100000 0
80 6.8219 8.7475 3124 100000 0
81 15.0218 15.9782 2038 100000 0
82 0.9365 3.4754 104 100007 0
83 60012.5 60020 8303702 0 1
84 6.1886 8.9353 1640 100000 0
85 0.1346 3.6333 35 103824 0
86 0.7045 5.9422 115 100100 0
87 6.3141 9.8332 1454 100000 0
88 2.2123 2.4148 802 100032 0
89 22.6484 30.3712 25248 100000 0
90 26.2805 38.5732 29385 100004 0
91 60018.5 60020.3 241874433 0 1
92 5.7502 10.8921 324 100000 0
93 60018.2 60019.4 28953962 0 1
94 1.5837 2.0001 59 100002 0
95 66.0958 77.311 101574 100000 0
96 8.9491 10.858 3889 100000 0
97 0.36 4.8842 38 4.90921e+06 0
98 18.2105 18.7194 8320 100000 0
99 0.4324 1.2926 83 100240 0
Average Search Time Per Query => 101.6202 ms!
Average Total Time Per Query => 105.1462 ms!
Average Recursive Call Count => 28430.4643
Total Number of Found Matches=> 583,522,333,347
#End Queries=> 84
