Data File :human
Query file:human_40n
LIMIT: 100000
0 20.5468 26.9932 13696 100000 0
1 60019.8 60024.5 42185892 0 1
2 1.1047 2.5001 61 100008 0
3 5.2308 14.8049 1676 100008 0
4 3.6141 8.1688 205 100023 0
5 1.8085 26.1254 316 100080 0
6 0.2956 15.91 37 2.46024e+06 0
7 7.3484 8.7942 662 100008 0
8 43.73 48.0944 15541 100002 0
9 7.732 22.1848 128 100005 0
10 30.2471 33.3293 12969 100000 0
11 0.3279 39.1448 33 5.83507e+11 0
12 15.1274 26.0079 1443 100000 0
13 1.8853 14.3336 62 100096 0
14 3.265 4.6803 143 100006 0
15 3.7331 5.4089 403 100008 0
16 338.893 340.608 319542 100000 0
17 48.7197 55.9573 11440 100000 0
18 21.1249 26.4778 3712 100000 0
19 17.7391 26.2401 1852 100000 0
20 13.2024 15.2799 1179 100000 0
21 0.0835 2.7496 36 156978 0
22 0.902 3.372 41 100198 0
23 126.177 131.414 6659 100000 0
24 16.2718 19.993 13834 100012 0
25 12.4937 20.9693 733 100000 0
26 15.1368 29.0783 1559 100000 0
27 16.8468 37.9084 1999 100000 0
28 60012.7 60023.2 4147259 0 1
29 14.2405 25.6878 1480 100000 0
30 60015.2 60022 19164984 0 1
31 45.4677 74.0167 10250 100000 0
32 25.226 27.6989 1145 100002 0
33 0.7008 3.161 48 100100 0
34 28.5977 47.497 771 100000 0
35 60018.9 60021.5 52924191 0 1
36 18.7547 35.1205 4406 100000 0
37 17.9691 24.6679 2897 100000 0
38 13.8314 15.0522 1960 100000 0
39 13.0245 31.0102 764 100000 0
40 28.74 35.6396 12375 100000 0
41 16.5793 18.9145 3227 100000 0
42 13.8937 15.516 1793 100000 0
43 1.9226 12.0136 51 100062 0
44 14.1595 17.0318 3552 100000 0
45 3.6606 12.0046 66 100004 0
46 59.0635 63.6262 55961 100000 0
47 15252.6 15254.5 1666717 100008 0
48 2.0816 4.3458 58 100020 0
49 0.055 4.3708 37 494832 0
50 18.551 22.9893 2429 100000 0
51 3.6239 5.0719 73 100002 0
52 8.4409 14.1669 1368 100053 0
53 15.9179 18.7789 5984 100000 0
54 17.4151 33.5772 5749 100000 0
55 16.9495 50.3316 1890 100000 0
56 25.897 32.492 539 100000 0
57 0.1677 2.127 40 101898 0
58 12.8031 25.2706 1134 100000 0
59 13.3752 18.0357 1247 100000 0
60 36.1954 38.6774 35993 100020 0
61 9.3332 11.8662 905 100004 0
62 18.2036 20.6703 2247 100000 0
63 17.501 20.4777 3517 100000 0
64 0.0871 4.0209 37 114816 0
65 32.3973 33.1781 2821 100002 0
66 21.2807 28.7735 2214 100000 0
67 7.0671 58.603 1268 100010 0
68 60017.3 60023.5 18825350 0 1
69 57.0965 58.257 53493 100000 0
70 35.7306 35.9611 3548 100000 0
71 19.6761 24.7623 9062 100000 0
72 0.5737 0.7796 655 864 0
73 60019.9 60024.1 1226458 0 1
74 55.712 60.9981 151463 100000 0
75 8.9857 9.5697 178 100000 0
76 13.0187 31.8577 319 100000 0
77 198.688 202.693 123145 100000 0
78 40.6737 42.2607 90744 100000 0
79 28.7764 39.8881 16328 100000 0
80 28.7341 31.2528 51288 100000 0
81 5.2274 7.3094 604 100000 0
82 59.0601 64.9372 19800 100007 0
83 14.4514 27.9354 1523 100000 0
84 15.8432 22.2941 1640 100000 0
85 0.2817 8.9817 35 103824 0
86 1.9932 13.2311 55 100067 0
87 15.4828 24.0608 1454 100000 0
88 4.315 4.6365 818 100032 0
89 21.0071 31.951 25248 100000 0
90 43.5058 56.7149 29385 100004 0
91 60020 60022.8 106557307 0 1
92 13.1571 24.6193 324 100000 0
93 60031.6 60034 42343039 0 1
94 3.1561 4.043 59 100002 0
95 148.426 173.345 101574 100000 0
96 25.2578 29.6092 3889 100000 0
97 60011 60023.2 9652391 0 1
98 42.797 44.0247 9179 100000 0
99 1.8401 3.8064 110 100100 0
Average Search Time Per Query => 192.5582 ms!
Average Total Time Per Query => 200.5200 ms!
Average Recursive Call Count => 32339.4945
Total Number of Found Matches=> 583,518,238,405
#End Queries=> 91
