Data File :human
Query file:human_40n
LIMIT: 100000
0 60017.1 60019.4 70202971 0 1
1 60018.7 60020.5 105114293 0 1
2 0.4793 1.0739 83 100008 0
3 1.9419 6.0673 1676 100008 0
4 4.5463 6.6625 4324 100000 0
5 0.747 11.3734 316 100080 0
6 0.2038 8.7383 37 2.46024e+06 0
7 0.9916 2.0927 93 100080 0
8 13.107 16.4011 6532 100002 0
9 4.8374 10.4611 128 100005 0
10 6.7183 8.6371 2041 100002 0
11 0.1572 28.4305 33 5.83507e+11 0
12 6.5117 11.3901 1443 100000 0
13 0.8232 5.5802 63 100098 0
14 1.6845 2.3619 143 100006 0
15 0.3114 1.0871 176 100188 0
16 186.747 187.535 319542 100000 0
17 5.6379 8.6159 1322 100000 0
18 5.293 7.5145 2382 100000 0
19 6.4586 10.0014 1852 100000 0
20 5.4159 6.3326 1179 100000 0
21 0.0305 1.0111 36 156978 0
22 0.3084 1.3032 41 100198 0
23 72.8232 74.592 3600 100000 0
24 3.9401 6.6325 1911 100012 0
25 12.5434 18.6663 733 100000 0
26 10.476 20.5964 2059 100000 0
27 6.9244 16.5341 1999 100000 0
28 60015 60019.6 3761110 0 1
29 10.2725 13.4713 21425 100000 0
30 60033.6 60036.3 3397472 0 1
31 18.5163 27.2077 10250 100000 0
32 60017.8 60018.9 82588465 0 1
33 0.3326 1.5707 48 100100 0
34 22.858 31.7317 1812 100000 0
35 60018.5 60019.8 129038754 0 1
36 60012.8 60019.9 54936534 0 1
37 16.242 23.0922 1125 100000 0
38 15.8596 17.152 1964 100000 0
39 16.8234 35.2569 789 100000 0
40 27.583 34.2006 14505 100000 0
41 15.3811 17.5904 2457 100000 0
42 13.6293 15.2197 1793 100000 0
43 1.9423 12.3515 51 100062 0
44 15.6861 18.3696 3327 100000 0
45 1.9462 9.6853 43 100121 0
46 24.3984 29.0347 900 100000 0
47 13559.8 13561.7 1666720 100008 0
48 1.86 3.8501 58 100020 0
49 0.0642 5.1194 37 494832 0
50 16.8467 21.8542 2429 100000 0
51 3.5562 5.0668 72 100002 0
52 7.8495 13.599 1368 100053 0
53 15.8512 18.4675 5984 100000 0
54 16.9169 32.1964 2497 100000 0
55 59999.1 60022.2 48219978 0 1
56 7.3281 13.0642 161 100000 0
57 0.1401 1.8693 38 101898 0
58 16.5026 28.9125 1119 100000 0
59 23.8268 29.2451 14155 100000 0
60 22.7479 25.08 26439 100020 0
61 2.9858 4.6728 87 100020 0
62 15.9988 18.559 2247 100000 0
63 21.8257 24.9236 3517 100000 0
64 60022.3 60025.8 50957767 0 1
65 4.9646 5.7796 5424 100044 0
66 17.7929 24.7839 2214 100000 0
67 6.3089 54.0574 1268 100010 0
68 60018.5 60022.6 18677187 0 1
69 14.0359 15.1862 2113 100000 0
70 5.6819 5.9077 443 100000 0
71 60024.3 60029.1 52171006 0 1
72 0.7019 1.4033 696 864 0
73 60014.8 60018.6 1016968 0 1
74 12.94 18.3393 965 100000 0
75 8.4576 9.0434 178 100000 0
76 60006.4 60025.4 28501879 0 1
77 60019.5 60024.2 54296951 0 1
78 33.0962 34.6585 40627 100000 0
79 27.1943 37.9224 16328 100000 0
80 14.2524 16.7911 3124 100000 0
81 31.6954 33.7136 2038 100000 0
82 2.1246 8.4758 262 100007 0
83 60012.6 60026.5 5125105 0 1
84 15.1134 21.4486 1640 100000 0
85 0.2813 8.8045 35 103824 0
86 1.6266 13.6106 55 100100 0
87 17.3564 25.8909 1454 100000 0
88 3.4622 3.8056 1098 100032 0
89 16.6294 27.2715 13884 100000 0
90 33.6481 46.2776 23977 100035 0
91 60019.8 60022.6 104371968 0 1
92 12.8182 24.329 324 100000 0
93 60017.4 60020.7 12565734 0 1
94 3.1736 4.1085 59 100002 0
95 17.8983 44.0527 11329 100000 0
96 22.3903 26.4362 3889 100000 0
97 0.8118 12.3205 38 2.02772e+06 0
98 42.1721 43.3413 8320 100000 0
99 1.0695 2.9901 83 100240 0
Average Search Time Per Query => 176.6613 ms!
Average Total Time Per Query => 182.4644 ms!
Average Recursive Call Count => 27506.3373
Total Number of Found Matches=> 583,519,351,917
#End Queries=> 83
