Data File :human
Query file:human_40n
LIMIT: 100000
0 60016.8 60023.2 27614944 0 1
1 60017.5 60022.1 42574149 0 1
2 1.0857 2.4271 83 100008 0
3 4.552 13.9825 1676 100008 0
4 5.6194 10.1148 4084 100023 0
5 1.7791 24.9427 316 100080 0
6 0.2653 15.7741 37 1.60989e+08 0
7 1.1471 2.6349 79 100080 0
8 21.1206 25.7259 6532 100002 0
9 2.5547 15.0951 66 100006 0
10 5.5625 8.344 709 100002 0
11 0.3704 39.7641 33 5.83507e+11 0
12 15.2897 25.3546 1443 100000 0
13 1.9236 12.9706 63 100098 0
14 3.3138 4.7234 143 100006 0
15 0.7451 2.4123 176 100188 0
16 88.7554 90.5718 77057 100000 0
17 40.8757 47.6523 68620 100000 0
18 13.8354 19.351 2382 100000 0
19 17.2652 25.866 1852 100000 0
20 13.7885 16.2217 1179 100000 0
21 0.0692 2.3766 36 156978 0
22 0.7732 3.0246 41 100198 0
23 140.755 145.24 3600 100000 0
24 4.7661 8.7952 1911 100012 0
25 12.3427 20.7994 733 100000 0
26 14.5609 28.4366 2059 100000 0
27 18.6961 40.5641 2306 100000 0
28 60011.1 60021.6 1506756 0 1
29 24.8283 32.906 21425 100000 0
30 60017.2 60024.1 1389356 0 1
31 47.4235 68.6713 10250 100000 0
32 60019.2 60022.4 33943936 0 1
33 0.6916 3.1877 48 100100 0
34 2.6238 21.2298 365 100006 0
35 60018.3 60020.9 51392054 0 1
36 60007.9 60024.7 25602857 0 1
37 14.5099 21.4423 1125 100000 0
38 15.1281 16.4712 1964 100000 0
39 16.0326 34.3182 789 100000 0
40 25.486 32.0405 14505 100000 0
41 14.0735 16.4188 2457 100000 0
42 13.5024 15.2844 1793 100000 0
43 2.0756 12.4629 76 100062 0
44 17.5904 20.558 3259 100000 0
45 23.3072 31.5533 10480 100068 0
46 28.2786 33.0095 900 100000 0
47 15391.2 15393.3 1666719 100008 0
48 1.81 3.8579 58 100020 0
49 0.0565 4.8798 37 494832 0
50 16.3825 21.4109 2429 100000 0
51 12.5691 14.1491 783 100000 0
52 7.9361 13.6012 1368 100053 0
53 19.2864 21.9307 5984 100000 0
54 16.5827 31.8097 2497 100000 0
55 59998.3 60021.5 46413666 0 1
56 7.6073 13.3595 161 100000 0
57 0.147 2.1796 38 101898 0
58 12.4822 25.0789 1119 100000 0
59 20.9157 25.5725 14155 100000 0
60 28.7363 30.9357 35990 100020 0
61 5.315 7.1689 928 100011 0
62 15.4668 17.8925 2247 100000 0
63 15.4428 18.8189 3517 100000 0
64 60020.6 60024.1 51241953 0 1
65 4.6251 5.4387 5424 100044 0
66 17.7525 24.844 2212 100000 0
67 5.8509 49.2848 1268 100010 0
68 60020.3 60023.9 18754215 0 1
69 56.62 57.807 53507 100000 0
70 5.6704 5.8958 443 100000 0
71 60018.7 60023.7 53303078 0 1
72 0.6909 1.2997 696 864 0
73 60019.8 60023.5 1383334 0 1
74 13.1228 18.2968 965 100000 0
75 8.5311 9.061 178 100000 0
76 16.7887 35.9763 319 100000 0
77 28.1507 32.1176 21580 100002 0
78 34.3247 35.8873 40627 100000 0
79 26.6211 37.3097 16328 100000 0
80 14.2159 16.7511 3124 100000 0
81 20.3843 22.4025 1426 100002 0
82 2.0923 8.3567 262 100007 0
83 14.7642 28.508 1446 100000 0
84 15.1509 21.8643 1640 100000 0
85 0.2903 8.816 35 103824 0
86 2.0174 13.7238 55 100067 0
87 923.132 931.619 88135 100000 0
88 3.5163 3.9016 1098 100032 0
89 16.8564 28.1751 13889 100000 0
90 45.3153 58.7732 31748 100000 0
91 60018.5 60021.2 103483055 0 1
92 12.5605 24.0344 324 100000 0
93 8.1508 10.559 7054 100754 0
94 3.2132 4.0591 59 100002 0
95 21.744 47.0005 11329 100000 0
96 22.4017 26.3963 3889 100000 0
97 0.7941 12.413 38 2.02772e+06 0
98 45.6309 46.8158 11249 100000 0
99 1.0929 3.0504 83 100240 0
Average Search Time Per Query => 202.7739 ms!
Average Total Time Per Query => 210.2199 ms!
Average Recursive Call Count => 26495.5402
Total Number of Found Matches=> 583,678,280,973
#End Queries=> 87
