Data File :human
Query file:human_40n
LIMIT: 100000
0 60015.1 60021.3 27024565 0 1
1 17.9668 22.2203 4140 100000 0
2 1.3007 2.6224 83 100008 0
3 11.9925 22.8392 3296 100008 0
4 11.8523 16.7567 4324 100000 0
5 1.7313 26.336 316 100080 0
6 0.2218 15.7348 37 2.46024e+06 0
7 1.1477 2.5714 93 100080 0
8 23.4697 29.442 514 100002 0
9 7.0912 19.2798 128 100005 0
10 5.7385 8.4387 709 100002 0
11 0.3149 39.4213 33 5.83507e+11 0
12 9.334 20.649 205 100002 0
13 1.8468 12.0861 62 100096 0
14 3.286 4.6435 143 100006 0
15 0.7465 2.4001 176 100188 0
16 341.041 342.796 319542 100000 0
17 60015.6 60022.7 10178980 0 1
18 16.2412 21.4627 2382 100000 0
19 18.883 28.2152 1852 100000 0
20 14.6106 16.7474 1179 100000 0
21 0.0711 2.29 36 156978 0
22 0.6962 2.938 41 100198 0
23 116.487 120.592 12979 100000 0
24 60016.4 60020.1 103748689 0 1
25 16.4978 24.7796 733 100000 0
26 19.0605 32.9955 1559 100000 0
27 18.9373 40.3927 1774 100000 0
28 60010 60020.6 8246974 0 1
29 17.3525 25.1841 1480 100000 0
30 60011.9 60018.8 20380734 0 1
31 43.7567 64.8145 10250 100000 0
32 60018.2 60020.5 35042376 0 1
33 0.6943 3.1548 48 100100 0
34 27.9348 45.9315 771 100000 0
35 60019.5 60022.1 50950211 0 1
36 60005.5 60022.2 14802802 0 1
37 17.9999 24.8386 1125 100000 0
38 16.9586 18.233 1964 100000 0
39 14.9016 32.8922 789 100000 0
40 28.4941 34.971 14505 100000 0
41 17.2753 19.4258 2457 100000 0
42 16.2476 17.9163 1793 100000 0
43 2.0533 12.5141 51 100062 0
44 19.5086 22.1636 3327 100000 0
45 288.678 296.884 13998 100002 0
46 29.4978 34.1895 900 100000 0
47 14969.5 14971.4 1666720 100008 0
48 2.0311 3.9939 58 100020 0
49 0.0647 5.0761 37 494832 0
50 20.8236 25.9232 2429 100000 0
51 3.6962 5.1256 72 100002 0
52 8.4506 13.9372 1368 100053 0
53 18.9382 21.6075 5984 100000 0
54 60006.9 60022.3 21614252 0 1
55 60000.5 60023.5 15525441 0 1
56 8.9577 14.6568 161 100000 0
57 5.0777 7.0688 5743 101898 0
58 60009 60021.7 37571083 0 1
59 24.4631 29.1979 14155 100000 0
60 28.3697 30.9917 34947 100044 0
61 5.8148 7.5874 905 100004 0
62 19.8978 22.3425 2247 100000 0
63 15.4021 18.6814 3517 100000 0
64 60017.3 60021 50237478 0 1
65 3.5632 4.3642 3507 100020 0
66 18.3312 25.3818 2214 100000 0
67 6.8341 51.1523 1268 100010 0
68 60019.5 60023.1 18687295 0 1
69 61.3966 62.5379 53493 100000 0
70 6.5759 6.8194 465 100000 0
71 22.519 27.7366 9062 100000 0
72 0.5642 0.7625 655 864 0
73 60017.9 60021.7 957026 0 1
74 21.5839 26.9106 7148 100000 0
75 10.3786 10.8694 178 100000 0
76 60000.4 60019.2 28386220 0 1
77 30.5955 34.7178 21580 100002 0
78 37.1598 38.7647 40627 100000 0
79 30.9565 41.6946 16328 100000 0
80 39.0031 41.5252 5796 100000 0
81 35.3953 37.4235 2038 100000 0
82 2.0823 8.3752 104 100007 0
83 16.5288 29.9779 1523 100000 0
84 18.2443 24.4733 1640 100000 0
85 0.2862 8.887 35 103824 0
86 1.6971 13.6829 115 100100 0
87 15.5064 24.0267 1454 100000 0
88 4.1226 4.5088 818 100032 0
89 21.2652 31.6973 25248 100000 0
90 44.1845 57.02 29385 100004 0
91 60018 60021 113190759 0 1
92 12.4576 23.963 324 100000 0
93 60018.3 60021.4 12871921 0 1
94 1.578 2.5741 59 100044 0
95 147.695 173 101574 100000 0
96 156.925 161.647 49455 100000 0
97 60013 60024.1 11757067 0 1
98 47.8273 49.0525 8320 100000 0
99 1.1175 3.0327 83 100240 0
Average Search Time Per Query => 209.1433 ms!
Average Total Time Per Query => 216.2913 ms!
Average Recursive Call Count => 30885.7683
Total Number of Found Matches=> 583,517,324,065
#End Queries=> 82
