Data File :human
Query file:human_40n
LIMIT: 100000
0 60016.4 60022.8 23330867 0 1
1 60018.1 60023.3 38977442 0 1
2 1.1809 2.7116 61 100008 0
3 5.6022 15.4999 1676 100008 0
4 17.3657 22.2698 4324 100000 0
5 1.0908 23.6091 316 100080 0
6 0.2587 11.7626 37 2.46024e+06 0
7 8.9377 10.6064 662 100008 0
8 18.4509 23.6018 633 100002 0
9 6.0738 16.1387 128 100005 0
10 5.9086 8.3098 2041 100002 0
11 0.2757 32.7011 33 5.83507e+11 0
12 13.9806 24.697 1443 100000 0
13 1.6575 13.032 63 100098 0
14 4.3677 5.8824 143 100006 0
15 5.6473 7.6943 403 100008 0
16 349.046 350.546 319542 100000 0
17 72.6363 77.8019 68620 100000 0
18 17.9481 27.1733 3712 100000 0
19 8.9627 13.9273 1852 100000 0
20 8.8309 10.3107 1179 100000 0
21 0.0284 0.9595 36 156978 0
22 0.3664 1.4471 41 100198 0
23 136.144 138.204 3600 100000 0
24 8.8018 13.3612 5784 100012 0
25 13.9142 23.085 733 100000 0
26 15.6178 30.6483 2059 100000 0
27 19.8746 43.612 1999 100000 0
28 60013.1 60024 1195098 0 1
29 26.945 35.2143 21425 100000 0
30 60016.3 60022.9 502113 0 1
31 49.2446 72.4382 10250 100000 0
32 23.4046 25.941 1145 100002 0
33 1.4345 5.4165 48 100100 0
34 65.3025 84.2159 1812 100000 0
35 60023.7 60026.5 39779351 0 1
36 60008.3 60027.6 22909582 0 1
37 13.844 20.8834 1125 100000 0
38 13.4199 14.5885 1960 100000 0
39 13.9696 34.7497 764 100000 0
40 32.5793 40.3555 12375 100000 0
41 26.9415 29.3526 3227 100000 0
42 14.7509 16.7779 1793 100000 0
43 2.0798 12.4671 51 100062 0
44 18.3813 22.1501 3425 100000 0
45 4.3412 13.5117 66 100004 0
46 68.0434 73.0122 55961 100000 0
47 17128.8 17130.8 1666717 100008 0
48 2.0684 4.1238 58 100020 0
49 0.0608 5.0808 37 494832 0
50 18.2899 24.7474 2429 100000 0
51 4.007 5.4592 73 100002 0
52 8.1878 15.3541 1368 100053 0
53 19.2946 22.1595 5984 100000 0
54 19.5076 35.8382 2497 100000 0
55 59999.4 60023.1 39283638 0 1
56 47.0094 60.193 539 100000 0
57 0.2535 3.7596 40 101898 0
58 29.7431 51.9664 1119 100000 0
59 28.8927 39.3295 1247 100000 0
60 52.3276 55.9971 35983 100020 0
61 8.0991 12.1557 87 100020 0
62 34.5648 38.8347 2247 100000 0
63 29.9069 37.2727 3517 100000 0
64 0.1596 7.7627 37 114816 0
65 56.0838 57.3072 2821 100002 0
66 33.6385 45.8922 2214 100000 0
67 17.9928 112.747 1268 100010 0
68 60019 60025.1 15378844 0 1
69 62.3088 63.4162 53493 100000 0
70 39.1636 39.4261 3548 100000 0
71 22.7376 27.9114 9064 100000 0
72 0.582 0.7826 655 864 0
73 60018.1 60021.4 1074557 0 1
74 17.2984 22.3661 965 100000 0
75 10.8361 11.3656 178 100000 0
76 15.9909 35.1166 319 100000 0
77 225.225 229.319 123145 100000 0
78 46.9187 48.5823 90744 100000 0
79 31.917 47.8877 16328 100000 0
80 34.3115 36.8735 51288 100000 0
81 6.0556 8.1418 604 100000 0
82 2.0591 8.7067 262 100007 0
83 16.2314 30.5788 1446 100000 0
84 18.1328 25.6054 1640 100000 0
85 0.3245 8.9373 35 103824 0
86 2.0636 13.5558 55 100067 0
87 19.5366 28.6836 1454 100000 0
88 4.3711 4.6974 1020 100032 0
89 20.727 32.4627 13889 100000 0
90 33.7854 47.9828 23977 100035 0
91 60021.7 60025.2 88719800 0 1
92 26.9356 60.639 324 100000 0
93 60020.9 60028.7 34725133 0 1
94 3.3866 4.3906 59 100002 0
95 19.1173 48.0687 11329 100000 0
96 26.3923 30.489 3889 100000 0
97 0.8958 12.5755 38 2.02772e+06 0
98 51.0002 52.2358 9179 100000 0
99 1.9372 3.9391 110 100100 0
Average Search Time Per Query => 218.1666 ms!
Average Total Time Per Query => 226.9912 ms!
Average Recursive Call Count => 30178.2697
Total Number of Found Matches=> 583,519,966,151
#End Queries=> 89
