Data File :human
Query file:human_40n
LIMIT: 100000
0 60016.7 60020.2 71402855 0 1
1 60018.6 60020.5 106708864 0 1
2 0.4343 0.9914 83 100008 0
3 1.6642 5.4923 1676 100008 0
4 4.2585 6.1404 4324 100000 0
5 0.6893 10.2252 316 100080 0
6 0.1245 5.9415 37 2.46024e+06 0
7 0.4347 1.1239 93 100080 0
8 7.8047 9.5463 6532 100002 0
9 2.6532 7.7996 128 100005 0
10 2.9092 4.023 2041 100002 0
11 0.141 17.9216 33 5.83507e+11 0
12 7.3723 11.3187 1443 100000 0
13 0.7098 4.8244 63 100098 0
14 1.2097 1.8171 143 100006 0
15 0.3205 1.1583 176 100188 0
16 134.1 134.808 319542 100000 0
17 5.8451 8.3749 1322 100000 0
18 5.0337 7.1491 2382 100000 0
19 5.2655 8.557 1852 100000 0
20 4.712 5.5629 1179 100000 0
21 0.0271 0.9371 36 156978 0
22 0.2545 1.106 41 100198 0
23 49.2473 51.1228 3600 100000 0
24 1.7002 3.1403 1911 100012 0
25 4.7832 8.0827 733 100000 0
26 5.3456 11.219 2059 100000 0
27 6.3079 14.733 1999 100000 0
28 60016 60020.2 3835771 0 1
29 9.5114 12.5546 21425 100000 0
30 60017 60019.9 3447254 0 1
31 18.5239 27.0231 10250 100000 0
32 60027.9 60029 78753031 0 1
33 0.2599 1.257 48 100100 0
34 22.051 28.6309 1812 100000 0
35 60015.9 60017.1 106556004 0 1
36 60013.3 60021.2 55309283 0 1
37 5.5141 8.7583 1125 100000 0
38 6.5129 7.1275 1964 100000 0
39 5.7046 14.8355 789 100000 0
40 10.2143 12.6925 14505 100000 0
41 5.8144 7.1371 2457 100000 0
42 5.6838 6.3987 1793 100000 0
43 1.1612 8.091 51 100062 0
44 7.2837 8.6488 3327 100000 0
45 1.6196 6.1803 43 100121 0
46 12.5681 14.6062 900 100000 0
47 6809.77 6812.11 1666720 100008 0
48 0.7088 1.4866 58 100020 0
49 0.0818 2.6891 37 494832 0
50 8.4152 10.748 2429 100000 0
51 1.5456 2.2334 72 100002 0
52 4.3497 7.1249 1368 100053 0
53 6.0841 7.3067 5984 100000 0
54 6.3677 14.0755 2497 100000 0
55 60009.2 60019.7 100353940 0 1
56 3.4056 6.2389 161 100000 0
57 0.0606 0.8499 38 101898 0
58 6.9525 12.6458 1119 100000 0
59 8.4616 11.2649 14155 100000 0
60 11.8231 12.8893 26439 100020 0
61 1.3671 2.3083 87 100020 0
62 7.6586 9.1512 2247 100000 0
63 6.2481 8.8733 3517 100000 0
64 60018.1 60019.6 113267265 0 1
65 2.0048 2.355 5424 100044 0
66 6.4655 9.4958 2214 100000 0
67 2.3602 21.4976 1268 100010 0
68 60019 60020.6 38816353 0 1
69 7.8121 8.3686 2113 100000 0
70 2.9686 3.2661 443 100000 0
71 60019.6 60022 111641564 0 1
72 0.3651 0.7378 696 864 0
73 60019.1 60020.7 2038060 0 1
74 5.0642 7.0652 965 100000 0
75 5.2026 5.442 178 100000 0
76 60015.8 60023.9 62414021 0 1
77 14.1527 16.1258 21580 100002 0
78 16.0392 16.7798 40627 100000 0
79 15.6832 20.3063 16328 100000 0
80 5.9801 7.2146 3124 100000 0
81 12.043 13.2316 2038 100000 0
82 1.335 5.2452 262 100007 0
83 60014.7 60019.9 11003879 0 1
84 7.2445 10.4478 1640 100000 0
85 0.2176 4.4088 35 103824 0
86 0.8306 9.2454 55 100100 0
87 7.9048 11.9002 1454 100000 0
88 1.6709 1.9009 1098 100032 0
89 8.9249 14.0224 13889 100000 0
90 14.3419 21.0507 23977 100035 0
91 60020.7 60022 220825499 0 1
92 6.9511 11.3552 324 100000 0
93 60020.3 60021.7 26024228 0 1
94 1.3026 1.846 59 100002 0
95 7.9985 20.001 11329 100000 0
96 12.5451 14.4322 3889 100000 0
97 0.4889 5.4161 38 2.02772e+06 0
98 20.4865 21.0898 8320 100000 0
99 0.4845 1.5025 83 100240 0
Average Search Time Per Query => 88.5469 ms!
Average Total Time Per Query => 91.8429 ms!
Average Recursive Call Count => 27435.8452
Total Number of Found Matches=> 583,519,451,919
#End Queries=> 84
