Data File :human
Query file:human_40n
LIMIT: 100000
0 2935.68 2941.73 1449808 100000 0
1 60018.5 60022.8 21920274 0 1
2 1.0895 2.3614 61 100008 0
3 11.9924 21.4361 3306 100008 0
4 5.7179 10.4324 4084 100023 0
5 1.7628 25.5204 316 100080 0
6 0.2719 15.8333 37 2.46024e+06 0
7 1.1511 2.5344 78 100080 0
8 17.9796 22.4707 529 100002 0
9 1.5538 14.1711 41 100036 0
10 5.8266 8.5354 700 100002 0
11 0.3075 39.9289 33 5.83507e+11 0
12 9.8349 20.9334 261 100002 0
13 521.815 533.386 156338 100098 0
14 1852.58 1854.01 1508743 100006 0
15 355.405 357.098 123989 100188 0
16 994.256 996.269 748512 100000 0
17 60012.7 60020.3 8904277 0 1
18 15.835 21.2119 2023 100000 0
19 15.4354 23.6211 1852 100000 0
20 13.4488 15.6071 959 100000 0
21 0.0722 2.4381 36 156978 0
22 0.7485 3.0822 46 100198 0
23 136.384 140.8 9729 100000 0
24 10129.2 10132.8 19512602 100000 0
25 12.3933 20.6818 748 100000 0
26 16.0181 29.9955 2053 100000 0
27 59999.3 60021.5 34281961 0 1
28 33.425 44.0134 5147 100000 0
29 13.0888 21.0647 1192 100000 0
30 60016.6 60023.3 2174489 0 1
31 45.8793 67.0564 10250 100000 0
32 20.6712 23.1757 795 100002 0
33 0.6709 3.2206 48 100100 0
34 2.5475 20.3806 89 100051 0
35 60019.6 60022.1 42621084 0 1
36 60008.5 60025.2 20291627 0 1
37 15.6675 22.6446 1125 100000 0
38 15.2286 16.7688 1960 100000 0
39 13.4477 31.8272 789 100000 0
40 19.1627 25.3194 1060 100000 0
41 15.3017 17.5772 2459 100000 0
42 15.1431 16.8484 4550 100000 0
43 2.0868 13.1199 51 100062 0
44 50.9002 53.8388 56041 100000 0
45 7.2723 15.3867 3967 100002 0
46 61.8491 66.5387 58931 100000 0
47 60019.7 60021.7 51835060 0 1
48 1.8809 3.8781 58 100020 0
49 0.0706 4.7915 37 1.10386e+06 0
50 769.965 774.916 507025 100000 0
51 5.0461 6.5451 4847 100002 0
52 7.9857 13.4948 1368 100053 0
53 17.227 19.9451 5984 100000 0
54 60005.9 60021.1 15147579 0 1
55 60001.7 60025.1 17582152 0 1
56 7.6375 13.4805 120 100000 0
57 60017.4 60019.3 39318234 0 1
58 1374.04 1387.04 334239 100000 0
59 17.6489 22.517 3066 100000 0
60 21.5821 24.0611 21982 100160 0
61 5.7957 7.6908 905 100004 0
62 16.0459 18.5762 2247 100000 0
63 21.0242 24.2094 3517 100000 0
64 0.3333 4.1085 92 114816 0
65 3.2119 3.8826 2478 100020 0
66 17.6443 24.7213 2215 100000 0
67 59977.1 60023.5 29462696 0 1
68 60021.3 60024.7 19852139 0 1
69 12.6919 13.7633 965 100000 0
70 6.1844 6.4216 465 100000 0
71 13.4426 17.9722 1019 100000 0
72 0.5713 0.8338 655 864 0
73 60018.9 60021.9 4344547 0 1
74 39.3093 44.3315 100964 100000 0
75 8.7603 9.3054 178 100000 0
76 60003.3 60022 24283155 0 1
77 759.019 763.03 385285 100002 0
78 26.5386 28.1875 5228 100000 0
79 140.661 152.423 52713 100000 0
80 39.2429 43.9432 5781 100000 0
81 28.659 30.6739 1907 100000 0
82 1.9455 8.2186 102 100007 0
83 16.8759 30.4514 3846 100000 0
84 15.4427 21.7534 1620 100000 0
85 0.2839 8.9532 35 105966 0
86 1.9659 13.5073 55 100067 0
87 3590.46 3599.24 6791490 100000 0
88 4.2058 4.5293 866 100032 0
89 20.9519 31.8219 25243 100000 0
90 7.1534 20.7568 2889 100004 0
91 60022.6 60025.3 117358831 0 1
92 17.4351 29.9924 324 100000 0
93 60019.1 60022.9 67830362 0 1
94 1.3229 2.3237 50 100044 0
95 18.5486 44.5199 1679 100000 0
96 32.3965 36.9357 14530 100000 0
97 60010.6 60021.9 2419616 0 1
98 33.4665 34.8232 15589 100000 0
99 1.6275 3.5047 1719 100240 0
Average Search Time Per Query => 295.3658 ms!
Average Total Time Per Query => 302.0691 ms!
Average Recursive Call Count => 385309.8193
Total Number of Found Matches=> 583,518,048,323
#End Queries=> 83
