Data File :human
Query file:human_40n
LIMIT: 100000
0 60019.7 60022.3 65803920 0 1
1 5.1721 6.8513 3868 100000 0
2 0.5861 1.3154 82 100008 0
3 4.8802 8.4153 3296 100008 0
4 2.0398 4.1195 4084 100023 0
5 0.7196 10.1606 316 100080 0
6 0.1191 6.0003 37 2.46024e+06 0
7 0.4364 1.0748 93 100080 0
8 9.0773 10.8932 6616 100002 0
9 2.6923 7.4635 128 100005 0
10 2.1093 3.2157 709 100002 0
11 0.1543 17.2498 33 5.03417e+11 0
12 5.0108 10.1209 205 100002 0
13 0.8162 5.7402 63 100098 0
14 1.2569 1.8945 143 100006 0
15 0.2789 0.9869 156 100188 0
16 113.233 113.93 284944 100000 0
17 60017.6 60020.9 49974688 0 1
18 5.7847 7.8274 2023 100000 0
19 7.0447 10.6835 1852 100000 0
20 4.9164 5.8015 1179 100000 0
21 0.033 1.3148 36 156978 0
22 0.3152 1.3401 41 100198 0
23 58.66 60.563 9787 100000 0
24 60029.3 60030.9 246929318 0 1
25 5.2807 8.8317 733 100000 0
26 5.2333 10.8974 2053 100000 0
27 8.317 17.0646 1774 100000 0
28 60016.8 60021.1 3535091 0 1
29 12.9578 17.5934 21425 100000 0
30 60015.9 60019.3 40170272 0 1
31 20.8668 32.4644 10250 100000 0
32 60020.7 60022.3 65862899 0 1
33 0.3336 1.6387 48 100100 0
34 1.4232 10.3562 110 100031 0
35 60017.9 60019.3 119870810 0 1
36 60014.4 60022 51339520 0 1
37 6.1472 9.2287 1125 100000 0
38 5.9322 6.5654 1964 100000 0
39 5.7781 14.4568 789 100000 0
40 5.9699 9.1217 1060 100000 0
41 6.5781 7.7425 2457 100000 0
42 14.6881 15.4944 58519 100000 0
43 0.9225 5.8898 51 100062 0
44 7.4455 8.7948 3327 100000 0
45 60011.4 60018.7 2408840 0 1
46 11.0672 13.1063 900 100000 0
47 7380.98 7382.85 1666720 100008 0
48 0.797 1.7028 58 100020 0
49 0.0415 2.3911 37 494832 0
50 8.2107 11.4073 2429 100000 0
51 4.3035 6.099 4852 100002 0
52 4.4721 7.9857 1368 100053 0
53 8.7975 10.0412 5984 100000 0
54 60013 60021 48529760 0 1
55 60014.2 60023.3 58082320 0 1
56 2.9883 5.5145 161 100000 0
57 60018.5 60019.3 28351026 0 1
58 10407.5 10413.1 7875159 100000 0
59 8.6275 10.5238 14155 100000 0
60 11.8759 12.9757 34919 100044 0
61 2.1648 2.8845 905 100004 0
62 6.7201 7.8922 2247 100000 0
63 9.1022 10.5414 3517 100000 0
64 0.0597 1.5824 40 114816 0
65 2.5061 3.1269 5424 100044 0
66 10.0148 13.111 2212 100000 0
67 4.4101 24.7282 1792 100010 0
68 60020 60021.4 57055697 0 1
69 6.7684 7.2713 1882 100000 0
70 2.4152 2.5789 465 100000 0
71 9.759 11.7448 33699 100000 0
72 0.3104 0.4555 655 864 0
73 60016.2 60018 2250314 0 1
74 8.686 10.9357 7148 100000 0
75 4.3595 4.6418 178 100000 0
76 60013 60021.5 49932678 0 1
77 8.883 10.602 7925 100002 0
78 17.6912 18.4352 40627 100000 0
79 12.0755 17.2946 19343 100000 0
80 15.7543 17.2522 5796 100000 0
81 399.781 400.691 682158 100000 0
82 0.7662 3.6509 305 100007 0
83 6.5555 12.5208 876 100000 0
84 6.2394 9.4012 1640 100000 0
85 0.1733 5.2572 35 103824 0
86 0.7006 5.6802 55 100100 0
87 8.5127 12.6195 1454 100000 0
88 1.6833 1.859 1010 100032 0
89 7.6182 11.6756 13889 100000 0
90 49.8695 56.6164 75120 100004 0
91 60018.4 60019.6 235214017 0 1
92 10.4702 20.9167 324 100000 0
93 60034.1 60035.9 20827733 0 1
94 0.5593 0.9964 59 100044 0
95 9.0772 22.243 4023 100000 0
96 8.1064 10.1234 4088 100000 0
97 60010.3 60017.7 5107130 0 1
98 18.9936 19.5118 8320 100000 0
99 0.4021 1.2829 83 100240 0
Average Search Time Per Query => 229.6832 ms!
Average Total Time Per Query => 233.0597 ms!
Average Recursive Call Count => 133651.3659
Total Number of Found Matches=> 503,428,209,061
#End Queries=> 82
