Data File :human
Query file:human_40n
LIMIT: 100000
0 60017.8 60020.2 69856491 0 1
1 60019.4 60021.3 106569775 0 1
2 0.4558 1.0507 83 100008 0
3 1.9039 6.117 1676 100008 0
4 1.4307 3.2249 59 100023 0
5 0.6819 10.2943 316 100080 0
6 0.1263 5.8781 37 2.46024e+06 0
7 2.9508 3.5441 662 100008 0
8 7.5069 9.2019 665 100002 0
9 2.9113 7.9231 128 100005 0
10 2.97 4.1775 2041 100002 0
11 0.1401 15.0978 33 5.83507e+11 0
12 6.8797 10.9354 1443 100000 0
13 0.7069 4.8827 63 100098 0
14 1.5057 2.1353 755 100006 0
15 1.3714 2.1268 403 100008 0
16 134.791 135.501 319542 100000 0
17 6.791 9.5056 1322 100000 0
18 6.2654 8.256 3712 100000 0
19 5.3295 8.6282 1852 100000 0
20 4.5735 5.3933 1179 100000 0
21 0.0253 0.8859 36 156978 0
22 0.429 1.3027 41 100198 0
23 47.168 48.7342 3600 100000 0
24 1.7027 3.1337 1911 100012 0
25 4.6722 7.7846 733 100000 0
26 5.1943 10.5959 2059 100000 0
27 6.1706 14.598 1999 100000 0
28 60015.8 60019.8 3661910 0 1
29 10.3822 13.7465 21425 100000 0
30 60016.4 60019.6 1802464 0 1
31 20.4779 29.3813 10250 100000 0
32 8.3473 9.5293 1145 100002 0
33 0.3202 1.4448 48 100100 0
34 26.2559 34.0699 1812 100000 0
35 60018.2 60019.5 120341173 0 1
36 60003.9 60018.9 48855049 0 1
37 6.7228 10.0353 1125 100000 0
38 7.1192 7.7531 1960 100000 0
39 7.1686 15.6746 764 100000 0
40 14.3446 17.7541 12375 100000 0
41 8.1137 9.3705 3227 100000 0
42 6.5815 7.446 1793 100000 0
43 0.9721 6.2292 51 100062 0
44 7.0547 9.0514 3425 100000 0
45 0.9232 4.7949 43 100121 0
46 27.9624 30.4316 55961 100000 0
47 6695.91 6697.22 1666717 100008 0
48 0.8993 1.8586 58 100020 0
49 0.0272 2.3008 37 494832 0
50 9.6488 12.0926 2429 100000 0
51 1.7059 2.3905 73 100002 0
52 3.8623 6.3924 1368 100053 0
53 7.485 8.848 5984 100000 0
54 7.6611 15.2865 2497 100000 0
55 7.3463 17.9851 1898 100000 0
56 10.5991 13.1929 539 100000 0
57 0.1132 1.0511 38 101898 0
58 5.9045 11.9925 1119 100000 0
59 7.9321 10.0928 1247 100000 0
60 13.5135 14.7726 35990 100020 0
61 4.6904 5.4817 2276 100004 0
62 9.0324 10.246 2247 100000 0
63 7.7254 9.2344 3517 100000 0
64 0.0366 1.9248 37 114816 0
65 13.612 14.0336 2821 100002 0
66 6.8989 10.314 2214 100000 0
67 2.7003 22.9273 1268 100010 0
68 60017.7 60019.4 42217498 0 1
69 8.4979 9.1165 8862 100000 0
70 2.6669 2.8236 443 100000 0
71 9.1789 11.5732 9064 100000 0
72 0.2744 0.4071 655 864 0
73 60018.9 60020.7 279082721 0 1
74 4.9889 7.4806 965 100000 0
75 3.6833 3.9438 178 100000 0
76 4.9331 12.8497 319 100000 0
77 83.7471 85.4257 123145 100000 0
78 11.7415 12.5279 6844 100000 0
79 10.7307 15.9754 16328 100000 0
80 13.6648 14.7387 5796 100000 0
81 8.5399 9.4687 1426 100002 0
82 0.853 3.6398 262 100007 0
83 60015.4 60021.1 12575125 0 1
84 6.0393 8.7027 1640 100000 0
85 0.1412 3.5356 35 103824 0
86 0.7989 6.1386 55 100067 0
87 5.9799 9.5454 1454 100000 0
88 1.9812 2.1802 1020 100032 0
89 6.7697 10.9969 13889 100000 0
90 12.8932 18.1551 23977 100035 0
91 60019.3 60020.7 250768046 0 1
92 5.3945 10.4237 324 100000 0
93 60020.9 60022 101319840 0 1
94 1.3272 1.8094 59 100002 0
95 9.7626 19.7888 11329 100000 0
96 9.3763 11.1888 3889 100000 0
97 60014.5 60019.1 39776129 0 1
98 20.8133 21.3993 9179 100000 0
99 0.7955 1.8246 110 100100 0
Average Search Time Per Query => 84.8895 ms!
Average Total Time Per Query => 88.1014 ms!
Average Recursive Call Count => 27697.4432
Total Number of Found Matches=> 583,517,938,559
#End Queries=> 88
