Data File :human
Query file:human_40n
LIMIT: 100000
0 60022.4 60024.7 70703110 0 1
1 6.646 8.4952 4140 100000 0
2 0.4714 1.0426 83 100008 0
3 4.3709 8.3559 3296 100008 0
4 4.0266 6.172 4324 100000 0
5 0.6605 9.8887 316 100080 0
6 0.1236 6.2394 37 2.46024e+06 0
7 0.4187 0.9898 93 100080 0
8 8.0346 9.6943 514 100002 0
9 3.0101 7.5407 128 100005 0
10 2.1381 3.1918 709 100002 0
11 0.2383 15.8745 33 5.83507e+11 0
12 4.0753 8.045 205 100002 0
13 0.7051 4.7344 62 100096 0
14 1.274 1.887 143 100006 0
15 0.3108 1.0204 176 100188 0
16 130.649 131.803 319542 100000 0
17 60020.2 60023 27399685 0 1
18 5.4102 7.5746 2382 100000 0
19 7.2923 10.4857 1852 100000 0
20 5.2054 6.4624 1179 100000 0
21 0.0258 0.9411 36 156978 0
22 0.2613 1.1234 41 100198 0
23 47.381 48.9706 12979 100000 0
24 60018.6 60020.6 275613833 0 1
25 6.0405 9.3886 733 100000 0
26 5.6507 10.7269 1559 100000 0
27 6.1513 14.8452 1774 100000 0
28 60018.2 60022.2 20097697 0 1
29 6.0893 9.9054 1480 100000 0
30 60014.3 60017.2 41570230 0 1
31 18.3139 27.1421 10250 100000 0
32 60020.1 60022.1 83328285 0 1
33 0.2897 1.3512 48 100100 0
34 12.4342 19.6971 771 100000 0
35 60018.9 60020.1 124272098 0 1
36 60011.7 60018 35434408 0 1
37 5.5655 8.1217 1125 100000 0
38 5.7415 6.273 1964 100000 0
39 5.4425 12.7223 789 100000 0
40 10.3033 13.074 14505 100000 0
41 6.1953 7.1267 2457 100000 0
42 5.1513 5.8293 1793 100000 0
43 0.823 5.3507 51 100062 0
44 7.3073 8.6182 3327 100000 0
45 112.314 115.937 13998 100002 0
46 12.819 15.2017 900 100000 0
47 6263.47 6264.43 1666720 100008 0
48 1.2316 2.1419 58 100020 0
49 0.0235 1.8486 37 494832 0
50 8.4669 10.9706 2429 100000 0
51 1.4459 2.0973 72 100002 0
52 3.3033 5.6286 1368 100053 0
53 7.3278 8.4099 5984 100000 0
54 60016.1 60022.5 50582996 0 1
55 60008.9 60019.7 32856573 0 1
56 2.9744 7.1768 161 100000 0
57 1.9628 2.7375 5743 101898 0
58 60013.3 60019.6 85201312 0 1
59 8.6865 10.6516 14155 100000 0
60 11.974 13.1997 34947 100044 0
61 2.5261 3.3393 905 100004 0
62 8.068 9.1985 2247 100000 0
63 6.3808 7.7267 3517 100000 0
64 60019.2 60021.1 120033101 0 1
65 1.3204 1.6645 3507 100020 0
66 5.7155 8.6366 2214 100000 0
67 2.5475 20.5193 1268 100010 0
68 60018.6 60020.1 44084613 0 1
69 21.4476 21.9348 53493 100000 0
70 2.3168 2.4436 465 100000 0
71 8.6235 10.6932 9062 100000 0
72 0.2547 0.4251 655 864 0
73 60018.3 60020 2278577 0 1
74 4.8912 7.0014 981 100000 0
75 3.4746 3.7497 178 100000 0
76 60011.9 60019.4 70827038 0 1
77 12.6862 14.5172 21580 100002 0
78 12.2235 13.0479 40627 100000 0
79 9.6984 13.9524 16328 100000 0
80 14.2641 15.2688 5796 100000 0
81 11.9428 12.8104 2038 100000 0
82 0.7739 3.2885 104 100007 0
83 60011.8 60017.6 7795726 0 1
84 6.7552 9.6272 1640 100000 0
85 0.1277 3.8725 35 103824 0
86 1.2535 13.9102 115 100100 0
87 6.5503 11.476 1454 100000 0
88 2.0651 2.2535 818 100032 0
89 7.7909 12.6785 25248 100000 0
90 18.0072 23.5548 29385 100004 0
91 60016.3 60017.5 214346520 0 1
92 5.2659 10.1236 324 100000 0
93 60019 60020.5 29304506 0 1
94 0.6049 1.0783 59 100044 0
95 64.2333 75.0572 101574 100000 0
96 67.2432 69.6607 49455 100000 0
97 60015.9 60021 28140511 0 1
98 16.7778 17.3787 8320 100000 0
99 0.4403 1.4096 83 100240 0
Average Search Time Per Query => 87.6111 ms!
Average Total Time Per Query => 90.6597 ms!
Average Recursive Call Count => 31172.1358
Total Number of Found Matches=> 583,517,224,065
#End Queries=> 81
