Data File :human
Query file:human_40n
LIMIT: 100000
0 18.7145 25.5879 7338 100000 0
1 60020.2 60025 42663816 0 1
2 1.0857 2.4435 83 100008 0
3 4.6767 14.2123 1676 100008 0
4 5.6842 10.1234 4084 100023 0
5 1.7645 25.0871 316 100080 0
6 0.2866 14.874 37 1.60989e+08 0
7 7.5098 8.9407 662 100008 0
8 17.4166 21.7005 514 100002 0
9 2.6752 15.0124 66 100006 0
10 5.6298 8.3381 709 100002 0
11 1815.03 1854.58 136344 8.21192e+12 0
12 18.1864 29.5049 1443 100000 0
13 1.8525 12.6856 62 100096 0
14 3.7955 5.1574 143 100006 0
15 0.7503 2.4174 176 100188 0
16 93.1101 94.7642 77057 100000 0
17 17.5133 24.322 1688 100000 0
18 14.5916 20.0722 2382 100000 0
19 15.2855 23.5381 1852 100000 0
20 13.2207 15.3601 1179 100000 0
21 0.0612 2.2729 36 156978 0
22 0.6989 2.8176 41 100198 0
23 115.265 119.339 6659 100000 0
24 4.4397 8.0547 1911 100012 0
25 12.3748 21.1955 733 100000 0
26 15.2251 29.1091 1768 100000 0
27 1383.02 1404.54 649315 100000 0
28 60010.1 60020.8 8262043 0 1
29 14.6118 22.3745 1480 100000 0
30 2.4404 9.01 75 100045 0
31 43.289 64.3317 10250 100000 0
32 19.8438 22.4032 1145 100002 0
33 0.717 3.1389 48 100100 0
34 2.431 20.3421 62 100006 0
35 60018.4 60021 52042910 0 1
36 19.4018 36.802 1212 100000 0
37 16.2575 23.3798 1125 100000 0
38 17.0921 18.2979 1960 100000 0
39 16.2432 34.3924 764 100000 0
40 20.9995 27.6987 9234 100000 0
41 14.0682 16.4526 2457 100000 0
42 13.6425 15.3431 1793 100000 0
43 2.0297 12.2412 76 100062 0
44 14.3212 17.4424 3386 100000 0
45 60012.1 60019.9 6206658 0 1
46 25.197 29.8205 900 100000 0
47 15507 15508.9 1666719 100008 0
48 2.1326 4.1635 58 100020 0
49 0.0615 5.1023 37 494832 0
50 19.6313 24.8821 2429 100000 0
51 13.1885 14.6785 783 100000 0
52 8.0618 13.7532 1368 100053 0
53 16.425 19.0272 5984 100000 0
54 60004 60019.6 21724171 0 1
55 59999.6 60022.8 15910781 0 1
56 8.0686 13.9977 164 100000 0
57 60021.6 60023.6 33587982 0 1
58 15.2415 28.0862 1134 100000 0
59 21.0147 25.6753 14155 100000 0
60 27.3428 29.5927 36000 100020 0
61 5.5988 7.3948 928 100011 0
62 15.9194 18.4398 2247 100000 0
63 15.7736 18.9175 3517 100000 0
64 60018.4 60022 50618930 0 1
65 36.9434 37.7622 2821 100002 0
66 21.8402 31.7427 2212 100000 0
67 59970.9 60023.1 63164133 0 1
68 60025.4 60029 16218173 0 1
69 97.6781 99.8031 53507 100000 0
70 63.9195 64.2761 3548 100000 0
71 60012.6 60021.8 47639793 0 1
72 0.6295 1.2605 696 864 0
73 60016.4 60020 1280539 0 1
74 16.791 23.3224 981 100000 0
75 11.8679 12.5691 178 100000 0
76 21.3712 46.9967 319 100000 0
77 221.043 226.165 123145 100000 0
78 32.7603 34.31 40627 100000 0
79 71.7336 82.3088 24231 100000 0
80 14.6046 17.1416 3124 100000 0
81 23.3148 25.3746 1426 100002 0
82 1.9385 8.3188 104 100007 0
83 14.1995 27.5593 1523 100000 0
84 17.3882 23.7597 1640 100000 0
85 0.2332 8.6681 35 103824 0
86 1.9595 13.5614 55 100067 0
87 21.4166 30.0362 3368 100000 0
88 4.3516 4.6765 818 100032 0
89 20.594 31.1463 25248 100000 0
90 83.7952 97.1196 60170 100035 0
91 60019.9 60022.6 97055754 0 1
92 12.4566 24.0495 324 100000 0
93 7.6627 10.0585 7054 100754 0
94 1.16 2.1346 44 100044 0
95 139.289 164.489 101574 100000 0
96 24.7102 28.7621 3889 100000 0
97 60011.2 60022.7 7041175 0 1
98 65.578 67.3098 11249 100000 0
99 1.4813 4.217 83 100240 0
Average Search Time Per Query => 239.0766 ms!
Average Total Time Per Query => 246.1744 ms!
Average Recursive Call Count => 36555.3140
Total Number of Found Matches=> 8,212,086,751,765
#End Queries=> 86
