Data File :human
Query file:human_40n
LIMIT: 100000
0 19.2811 25.9002 7338 100000 0
1 60018.5 60023.4 42079433 0 1
2 1.1378 2.5005 83 100008 0
3 5.537 15.1501 1676 100008 0
4 6.2782 10.7229 4084 100023 0
5 1.7847 26.0015 316 100080 0
6 0.4982 17.3741 37 1.60989e+08 0
7 1.342 3.0563 79 100080 0
8 23.8772 29.0501 6532 100002 0
9 2.6486 16.3178 66 100006 0
10 5.9478 8.8661 709 100002 0
11 0.3348 39.8036 33 5.83507e+11 0
12 15.2093 25.6185 1443 100000 0
13 1.8524 12.7676 63 100098 0
14 3.534 4.9607 143 100006 0
15 0.7348 2.4031 176 100188 0
16 102.175 103.835 77057 100000 0
17 38.9955 45.6589 68620 100000 0
18 13.9268 19.4745 2382 100000 0
19 14.6321 22.8734 1852 100000 0
20 12.6872 15.1714 1179 100000 0
21 0.0671 2.2468 36 156978 0
22 0.6761 2.7702 41 100198 0
23 137.915 142.579 3600 100000 0
24 4.507 8.1456 1911 100012 0
25 12.322 20.829 733 100000 0
26 14.2658 28.0569 2059 100000 0
27 18.552 40.5436 2306 100000 0
28 60010 60020.5 1518077 0 1
29 24.713 32.6776 21425 100000 0
30 60014.9 60021.5 1408194 0 1
31 45.7352 66.6655 10250 100000 0
32 60018.4 60020.9 35496432 0 1
33 0.6905 3.3393 48 100100 0
34 2.48 20.364 365 100006 0
35 60018.8 60021.4 52250302 0 1
36 60002.8 60019.8 26014270 0 1
37 16.0593 22.8082 1125 100000 0
38 15.4313 16.8109 1964 100000 0
39 16.293 34.2279 789 100000 0
40 22.8541 29.2855 14505 100000 0
41 14.0613 16.3534 2457 100000 0
42 13.6458 15.2164 1793 100000 0
43 2.0273 12.1891 76 100062 0
44 13.7302 16.9569 3259 100000 0
45 23.9857 32.1012 10480 100068 0
46 25.5817 30.293 900 100000 0
47 14841.5 14843.5 1666719 100008 0
48 1.8623 3.8798 58 100020 0
49 0.0581 4.8655 37 494832 0
50 20.4553 25.4693 2429 100000 0
51 13.0957 14.4845 783 100000 0
52 7.8525 13.3039 1368 100053 0
53 16.8945 19.609 5984 100000 0
54 17.9853 33.3599 2497 100000 0
55 60000.5 60023.6 46071485 0 1
56 7.3105 13.1691 83 100000 0
57 0.1461 2.0159 38 101898 0
58 12.6588 25.2255 1119 100000 0
59 22.8662 27.6068 14155 100000 0
60 26.3775 28.6589 35990 100020 0
61 5.2768 7.2268 928 100011 0
62 15.5033 18.2754 2247 100000 0
63 15.321 18.6048 3517 100000 0
64 60017.4 60021 51014769 0 1
65 4.6685 5.4796 5424 100044 0
66 17.734 24.8751 2212 100000 0
67 1204.5 1248.18 268041 100010 0
68 60015.4 60019 18666126 0 1
69 59.5222 60.6417 53507 100000 0
70 40.6367 40.8957 3548 100000 0
71 60017.3 60022.9 53062622 0 1
72 0.706 1.4784 696 864 0
73 60018.9 60021.9 1357515 0 1
74 13.7072 18.7688 965 100000 0
75 8.5735 9.0713 178 100000 0
76 12.2721 30.8646 319 100000 0
77 30.044 34.0178 21580 100002 0
78 34.3072 35.8064 40627 100000 0
79 26.896 37.4424 16328 100000 0
80 14.2246 16.707 3124 100000 0
81 19.9755 21.9913 1426 100002 0
82 2.0338 8.6452 262 100007 0
83 14.7288 28.1854 1446 100000 0
84 18.1534 24.5436 1640 100000 0
85 0.2825 8.7384 35 103824 0
86 1.9362 13.4592 55 100067 0
87 928.545 936.96 88135 100000 0
88 3.9381 4.2768 991 100032 0
89 19.8899 30.7845 13889 100000 0
90 45.9682 59.0597 31748 100000 0
91 60019.6 60022.3 102482187 0 1
92 15.2529 26.5272 324 100000 0
93 8.0488 10.4621 7054 100754 0
94 1.1243 1.9419 44 100044 0
95 17.7598 42.7104 11329 100000 0
96 24.9642 28.927 3889 100000 0
97 60008 60019.7 7961182 0 1
98 42.6141 43.854 11249 100000 0
99 1.2229 3.1207 83 100240 0
Average Search Time Per Query => 211.0047 ms!
Average Total Time Per Query => 218.3863 ms!
Average Recursive Call Count => 29679.1954
Total Number of Found Matches=> 583,676,353,297
#End Queries=> 87
